2016
1997
1979
1990
1974
2061
1813
1936
1738
1881
1785
2049
2088
2051
1648
1994
1998
1812
1928
1859
2040
2098
2045
1830
1917
1849
1706
1787
1861
1932
1913
1954
1888
1898
1732
1755
1890
1987
1865
1908
2049
2068
1984
1869
1885
1849
1804
1927
1719
1874
1920
1967
1834
1872
2011
1913
1958
2025
1924
1883
1690
1901
1808
1073
1870
1936
1914
1843
1877
1762
1838
1953
1999
2001
1849
2015
1895
1734
1736
1733
1884
1987
1868
2111
2161
1719
1798
1890
1891
1863
1695
2060
1838
2145
1766
1991
1932
1073
1852
1747
1981
1993
1870
2018
1740
1772
1752
1764
1984
1895
1991
1949
1906
1817
1892
2032
2039
1899
1982
1933
1900
1859
1751
1992
1992
1919
2008
2063
1864
1954
1971
1878
2110
1794
2041
1882
1950
2073
1885
1942
1779
1706
1496
1983
1918
1879
1826
1734
1919
1760
1931
1751
1866
1827
1735
1916
1972
1768
1832
1916
2081
1792
1877
1753
1986
1962
1992
1676
1887
1916
1778
1887
1970
1752
1878
1737
1073
2155
1970
1810
1935
1841
1959
1900
1996
1967
1981
1978
1566
1934
2088
1885
2000
1753
1853
2037
2029
1835
1800
1769
1847
1924
1781
1886
1677
1844
1875
1864
1771
1951
1961
2029
2064
1660
1924
1881
2037
1906
1833
1940
1837
1817
2065
1809
1914
1781
1856
2172
1979
1885
1762
1852
1673
1996
1810
2111
1710
1776
1744
1919
1848
1743
1948
1787
2115
1728
1602
1905
1830
1880
1970
1697
1968
1906
1732
1845
1880
1866
1651
1913
1834
1753
1998
2020
1892
1807
1792
1073
1894
1674
2028
1873
1768
1912
1714
2201
1938
1890
2053
1893
1857
2005
1752
1784
1836
2048
2114
1073
1997
1826
1865
1883
1998
1957
1832
1800
2029
1993
1877
1944
2032
1844
2075
2139
1893
2026
1812
1884
1853
1764
1966
1923
2051
2038
1887
1975
1814
1808
2167
2072
2029
1844
1993
1912
1888
1936
1931
1073
2015
1761
1946
2089
2016
2021
1901
1859
2055
1808
1849
1864
1983
1696
1915
1984
2080
1977
1841
1851
1965
1978
1882
1823
1934
1792
1812
1750
1920
1853
1910
1977
1903
1951
1934
1863
1931
1982
1884
1843
1828
1882
1859
1948
1789
1940
1913
1963
1700
1903
1950
1952
1887
1752
1614
1870
1905
1689
1937
1975
2097
1793
1908
1848
1730
1863
2056
1988
1986
1875
1878
1730
2047
2024
1744
2091
1936
1971
1996
1911
1926
1884
1834
1905
2028
1900
2035
1952
1835
1852
1895
1870
2002
1869
2044
1928
2021
1860
1751
1967
1960
1906
1989
1958
1815
1760
1959
1925
1794
1915
1939
1885
2039
1837
2015
1850
2087
1852
1817
1931
1783
1913
2088
1918
1820
1821
2008
1850
1788
1073
1946
1765
1931
2088
1638
1908
1840
2006
1950
1806
2173
1883
2068
1870
1868
1880
1817
1831
1884
2044
1870
1812
1752
1814
1829
2058
1963
1986
1661
2038
1868
1972
1849
1887
1967
1886
1813
1912
1991
1744
1928
1706
2059
1864
1881
1784
1923
1073
1785
1961
1911
1900
1825
1911
1845
1779
1890
1999
2128
1859
1771
1939
1976
1797
1703
1752
1899
1740
1837
2077
1853
1832
1888
1775
1922
1877
1830
1987
1896
1994
1698
1868
1804
1860
1798
2061
1940
1902
1776
1789
1911
2160
1942
1925
1916
1753
1993
2033
1858
1819
2026
1972
2081
2051
1812
1852
1939
1842
1821
2080
1073
1822
2058
1983
1962
1995
1992
1876
2201
1851
1926
1814
1831
1925
2030
1743
1877
1824
2044
1815
1945
1766
2012
1830
1799
1982
1860
1897
1881
1715
1949
1791
1769
1813
1805
1812
1871
1966
1787
1914
1881
1808
1992
1884
1859
1950
1765
1873
1955
1905
1934
1825
2042
1756
1864
1962
1758
1783
1606
1761
1933
2026
2048
1985
2019
1780
1876
1977
1750
1861
1828
1853
1682
1715
1852
1934
1651
1818
1924
2087
1864
1875
1925
1073
2015
2038
1773
1770
1967
1773
1836
1854
1941
1802
2039
1828
2012
2005
1940
1828
1881
1779
1961
1830
1850
1876
1928
1963
1923
1923
1780
1960
2004
1773
1833
2012
2035
1788
1852
1920
1988
2077
1962
2008
1673
1882
1953
1861
1997
1798
1737
1917
2065
2024
1961
1864
1863
2048
1911
2132
1900
1918
2029
1775
1995
1699
1765
2039
1960
1877
1924
1681
1858
1914
1908
1916
1845
2015
1975
1994
2065
1845
2031
1869
1898
1605
1839
1970
1885
1984
2060
1874
1962
1986
1803
1943
2136
1811
1860
1642
2084
1773
1946
1792
2002
1729
1946
1784
1908
1640
1817
2004
2002
1918
2016
1886
2019
1805
1940
1970
2192
1976
1851
1964
1896
1985
1908
1919
1973
1821
2075
1919
1997
1924
1932
1838
1803
1822
1752
1911
1970
1853
1777
1776
1926
1871
1967
1828
1813
1717
1998
2007
1820
1763
1916
1749
1790
1896
1875
1994
2050
1948
1893
1766
1921
1950
1857
1831
1915
1920
1842
1857
1920
2025
1908
1874
2051
1895
1607
1958
1854
2045
1845
1936
1959
2005
1938
1990
2080
1756
1988
1899
1941
1996
2065
1855
2011
1965
1943
1885
2111
1901
1860
1709
1890
1881
1735
1850
1799
1859
1820
1766
1857
1808
1817
1885
2078
2131
1847
1688
1960
1944
2156
2001
1869
1818
2023
1738
2158
1795
1800
1897
1716
1736
1710
1960
1693
1817
1949
1992
1876
1878
1709
1979
2095
1870
2056
1760
1951
1897
1986
1902
2107
1997
1942
1820
1996
1674
1777
1787
1878
1994
1974
1924
1975
1871
1655
1909
1881
2010
2048
1928
2096
1869
1855
1825
1808
1699
1921
2070
1830
1817
1906
1910
1974
2060
1914
1908
1879
1881
1974
2078
1883
1991
1947
1779
1912
2007
1895
2010
1902
1877
1878
2037
1881
2034
1950
1864
1073
1939
1983
1800
2115
1973
1845
1886
1944
2034
1880
2062
1938
1899
2023
1852
1834
1918
2068
2068
1812
1997
1898
2001
1852
1729
1891
2037
1934
1916
1908
1890
1782
1999
2170
1935
1894
1900
1944
1923
1831
1953
1797
1853
1887
1854
1726
1946
1886
1784
1847
1995
1833
1871
1815
1786
1788
1844
1926
1987
1944
1925
1692
2098
1884
1906
1989
2013
1924
1839
1833
1906
1779
2020
1886
2001
2059
2093
1786
1796
1907
1746
1948
2110
1854
1843
1811
2010
1861
1774
1967
1853
1874
1753
1961
1827
1981
1899
2000
1859
1926
1890
2033
1970
1913
1811
1793
1762
1838
1944
1844
1677
1840
2034
1927
1870
1923
1869
1947
1868
1952
1775
2054
1756
1827
1821
2029
2069
1829
1983
1909
1820
1925
1815
1782
1902
1836
1827
1736
1898
1816
1901
1979
1886
1988
1805
1884
1846
1858
1819
1632
1839
1894
1728
1803
1720
2000
2069
2046
1922
1934
1910
1996
1746
1783
1986
2102
1933
1830
1944
1895
1835
1999
1855
1937
2005
1939
1935
1901
2092
1906
1897
1820
1885
1990
2020
1997
1073
2051
1927
1903
1869
2043
1553
2073
1915
1749
2095
1663
1746
1935
1863
1868
1698
1949
1844
1833
1814
1845
1902
1830
1649
2013
1899
1921
1073
1946
1960
1783
1807
1841
1901
2049
1898
1753
1915
1890
1941
1846
1822
1689
1861
1799
1889
2005
1885
1948
1877
1900
1939
1865
1837
1952
1983
1938
1848
1837
2050
1869
1688
1825
1995
1954
1795
1942
2112
1990
1882
1922
1958
2020
2116
1790
1823
1889
1857
2083
1871
1911
1842
1922
1896
2075
1915
1925
1806
1771
1826
1917
1861
2023
1934
1868
1806
1852
1854
1936
1812
1964
1898
2056
1718
2118
1756
1903
1718
1835
1711
1922
2083
1859
2024
1833
1872
1989
1577
1917
1849
1855
1833
1895
1934
1942
1958
1854
1895
2014
1894
2070
1827
1073
2053
1973
1857
1885
1573
1915
1858
2025
1811
2092
1697
1858
1902
1789
1933
1893
1883
1748
1969
2000
1955
1991
1800
1886
1807
1749
1874
1792
1782
1857
1695
1830
1998
1759
1860
1705
1559
1953
2031
1897
1938
1990
1918
1814
1952
1794
1747
1796
1692
1754
1886
1817
1849
1893
2029
1872
1909
1823
1729
1878
1908
1788
1809
1781
1955
1749
2045
2024
2061
1873
1810
1856
1870
1973
1986
1964
2005
1768
1844
1852
2207
2144
1904
2058
1893
1855
2057
1809
1964
1778
1789
1808
2145
1797
1901
1944
1808
1853
1679
1990
2015
2019
1936
2085
1915
1821
1834
1738
1995
1885
1761
1705
1999
1986
1952
1847
1831
1896
2033
2013
2021
1838
1926
1920
1752
2158
1924
2027
1879
1585
1875
2019
1073
1912
1972
2038
1934
1846
1073
1992
1831
1890
2079
1758
1782
2075
2166
1887
1938
1799
1889
2098
1799
1806
1786
2030
1797
1932
1925
2022
2133
1883
1825
2135
1979
1858
1776
1903
1950
1980
1855
2101
1940
2061
1957
1668
2039
1821
1907
1854
1949
1885
1996
1841
2049
1718
1865
1940
1907
1771
2021
1967
1904
1925
1944
1848
1813
2016
1850
1900
1880
1771
2021
1978
1810
2028
1904
1966
1915
1901
1963
2057
2049
1888
2035
1862
1999
1805
1885
1979
1803
1921
1995
1902
1739
2006
1924
2084
1990
1732
1870
1939
2083
1983
1922
2195
1864
1951
1792
1851
2240
1896
1769
1846
1825
2030
2078
1838
1852
1780
1889
1931
2061
1775
1802
1801
1955
1935
1875
1673
1987
1794
1920
1795
1955
1915
2135
1850
1861
2047
2129
1964
1891
1913
1963
1712
1990
1875
1979
2128
1946
1793
1855
1919
1697
1789
2026
1754
1928
1971
1875
1705
1813
1661
2004
1900
1832
1889
1802
1924
2013
1792
1786
1926
2073
2033
1858
2078
1942
2045
2155
1876
1680
1858
1965
1800
2040
1771
1877
1963
1850
1899
1887
1934
1888
1896
1908
2048
1939
1937
1761
1874
2046
1891
1903
1875
2083
1810
1776
1830
2046
1929
1842
1973
1890
1844
1969
1865
1932
1813
1980
1643
1767
1822
2013
1886
1892
1779
1833
1919
1930
2052
1694
2003
1961
1802
2036
2113
2070
1073
1935
1825
1850
1805
2096
1653
2090
1795
2045
1976
1843
2015
1954
1916
2053
1952
1867
1790
2045
1871
2059
2044
1969
1814
2093
1960
1967
2066
2116
2009
1894
1817
1841
2041
1972
1933
1893
1962
1992
2030
2050
1979
2011
1869
1897
1838
1859
2006
1933
1914
1825
1934
1828
1848
1702
1940
1937
1929
1891
1864
1879
1926
1862
2213
1902
1990
1932
1956
1909
1996
2047
1968
1725
1954
1822
2021
2022
2040
1893
2022
2140
1915
1912
1827
1979
1882
1661
2010
1967
1896
1927
1954
1834
1901
1841
2204
2047
1986
1824
1862
2047
2044
1820
2030
1073
1913
1844
2036
1830
1760
1829
1890
1925
1866
2089
1885
1948
2095
1921
1780
1805
2118
1886
1926
1073
2103
1889
1776
1697
2070
1911
1890
1921
1962
1853
1960
1748
1925
1974
1890
1810
1795
1830
2032
1809
1891
2011
1853
1821
1942
1932
1941
2081
1666
1932
1898
1969
1847
1830
1999
1878
1794
1771
1875
1916
1998
1751
2096
1945
1807
1844
1976
1975
1822
1985
2179
1813
1981
1921
1975
1967
2068
1851
2052
1785
1899
1848
1927
1992
2035
1888
1982
2041
1791
2091
1073
2044
1957
1876
1840
1962
1854
2082
1992
1857
1932
2108
1907
1961
1928
1985
1866
1924
1685
1853
1879
1702
1835
1864
1910
1744
1908
2126
2076
1933
2107
1897
1847
1796
1812
1980
1979
1806
1821
1961
1902
1661
2029
1918
1870
1963
1789
1955
1778
1881
1861
1923
1937
1907
1073
1843
1934
1073
1705
1922
1969
1973
1934
2003
1907
1935
1735
1790
2085
1934
1950
1847
1746
1719
1726
1816
1839
2016
1959
1987
1803
1975
1884
2060
1955
1758
1865
1924
2014
1902
1909
2107
1894
2004
1743
1628
2007
1840
1978
1858
1755
1917
1889
1762
1966
1932
1859
1744
2099
1834
1990
1933
1884
1984
1963
1829
1961
1875
1929
1949
1799
1073
1770
1875
1872
1918
1840
1794
1877
1752
1845
2026
1778
2077
1971
2005
2037
1851
1865
1970
1932
1857
1776
2009
1884
1961
1683
1854
1913
1967
1943
1874
1910
1758
1957
1746
1946
1976
1969
1917
1827
1921
1897
1896
1073
1803
1919
1876
