2005 1946 4
2005 1946 4
2005 1946 5
2005 1946 5
2005 1946 5
2005 1946 1
2005 1946 5
2005 1946 5
2005 1946 4
2005 1946 4
2005 1946 4
2005 1946 4
2005 1946 5
2005 1868 5
2005 1868 5
2005 1868 5
2005 1868 4
2005 1868 5
2005 1868 5
2005 1868 5
2005 1868 5
2005 1868 5
2005 1868 5
2005 1868 5
2005 1868 5
2005 1868 5
2005 1868 5
2005 1868 5
2005 1868 4
2005 2001 5
2005 2001 5
2005 2001 1
2005 2079 5
2005 2079 5
2005 2079 4
2005 2079 4
2005 2079 4
2005 2079 2
2005 2079 4
2005 2079 5
2005 2079 3
2005 2079 5
2005 2079 5
2005 2079 4
2005 2079 4
2005 2079 5
2005 2079 3
2005 2079 4
2005 2079 3
2005 2079 4
2005 2079 5
2005 2079 5
2005 2079 4
2005 2079 5
2005 2079 4
2005 2079 2
2005 2079 5
2005 2079 4
2005 2079 5
2005 2079 4
2005 2079 1
2005 2079 4
2005 2079 4
2005 2079 1
2005 2079 3
2005 2079 4
2005 2079 1
2005 2079 4
2005 2079 5
2005 2079 5
2005 2079 5
2005 2079 5
2005 2079 4
2005 2079 4
2005 2079 4
2005 2079 5
2005 2079 5
2005 2079 3
2005 2079 4
2005 2079 5
2005 2079 1
2005 2079 3
2005 2079 3
2005 2079 4
2005 2079 1
2005 2079 4
2005 2079 5
2005 2079 5
2005 2079 4
2005 2079 4
2005 1855 1
2005 1855 5
2005 1855 5
2005 1855 5
2005 1855 1
2005 1855 5
2005 1855 3
2005 1855 2
2005 1855 4
2005 1855 1
2005 1855 4
2005 1855 5
2005 1898 2
2005 1898 4
2005 1898 5
2005 1898 1
2005 1898 4
2005 1898 4
2005 1898 4
2005 1898 5
2005 1898 3
2005 1898 4
2005 1898 4
2005 1898 4
2005 1898 1
2005 1898 2
2005 1898 4
2005 1898 2
2005 1898 4
2005 1809 1
2005 1809 1
2005 1809 1
2005 2059 4
2005 2059 5
2005 2059 5
2005 2059 5
2005 2059 5
2005 2059 5
2005 2059 4
2005 2059 4
2005 2059 5
2005 2059 3
2005 2059 4
2005 2059 5
2005 2059 5
2005 2059 5
2005 2059 5
2005 2059 4
2005 2059 4
2005 2059 4
2005 2059 1
2005 2059 5
2005 2059 3
2005 2059 5
2005 2059 2
2005 2059 5
2005 2059 4
2005 2059 3
2005 2059 4
2005 2059 4
2005 2059 4
2005 2059 5
2005 2059 4
2005 2059 4
2005 2059 4
2005 2059 4
2005 2059 4
2005 2059 2
2005 2059 4
2005 2059 5
2005 2059 2
2005 2059 5
2005 2059 2
2005 2059 4
2005 2059 2
2005 2059 5
2005 2059 5
2005 2059 5
2005 2059 5
2005 2059 3
2005 2059 3
2005 2059 5
2005 2059 4
2005 2059 5
2005 2059 3
2005 2059 1
2005 2059 4
2005 2059 5
2005 2059 5
2005 2059 4
2005 2059 3
2005 2059 5
2005 2059 4
2005 2059 5
2005 2059 4
2005 2059 4
2005 2059 4
2005 2059 5
2005 2059 5
2005 2059 3
2005 2059 4
2005 2059 5
2005 2059 5
2005 2059 5
2005 2059 5
2005 2059 4
2005 2059 2
2005 2059 3
2005 2059 3
2005 2059 5
2005 2059 5
2005 2059 5
2005 2059 3
2005 2059 5
2005 2059 4
2005 2059 5
2005 2059 4
2005 2059 5
2005 2059 3
2005 2059 2
2005 2059 4
2005 2059 1
2005 2059 5
2005 2059 1
2005 2059 5
2005 2059 2
2005 2059 4
2005 2059 5
2005 2059 4
2005 2059 5
2005 2059 5
2005 2059 5
2005 2059 5
2005 2059 4
2005 2059 5
2005 2059 5
2005 2059 5
2005 2059 4
2005 2059 4
2005 2059 3
2005 2059 4
2005 2059 5
2005 2059 4
2005 2059 5
2005 2059 5
2005 2059 4
2005 2059 4
2005 2059 5
2005 2059 4
2005 2059 4
2005 2059 5
2005 2059 5
2005 2059 5
2005 2059 4
2005 2059 5
2005 2059 4
2005 2059 5
2005 2059 5
2005 2059 4
2005 2059 5
2005 2059 5
2005 2059 4
2005 2059 5
2005 2059 5
2005 2059 5
2005 2059 1
2005 2059 5
2005 2059 5
2005 2059 5
2005 2059 5
2005 2059 5
2005 2059 4
2005 2059 5
2005 2059 2
2005 2059 5
2005 2059 5
2005 2059 5
2005 2059 5
2005 2059 4
2005 2059 5
2005 2059 4
2005 2059 5
2005 2059 5
2005 2059 5
2005 2059 5
2005 2059 5
2005 2059 3
2005 2059 4
2005 2059 5
2005 2059 5
2005 2059 4
2005 2059 5
2005 2059 5
2005 2059 5
2005 2059 4
2005 2059 3
2005 2059 3
2005 2059 5
2005 2059 5
2005 2059 4
2005 2059 5
2005 2059 4
2005 2059 3
2005 2059 4
2005 2059 2
2005 2059 4
2005 2059 5
2005 2059 2
2005 2059 5
2005 2059 2
2005 2059 5
2005 2059 5
2005 2059 4
2005 2059 5
2005 2059 5
2005 2059 3
2005 2059 4
2005 2059 5
2005 2059 5
2005 2059 5
2005 2059 5
2005 2059 5
2005 2059 4
2005 2059 4
2005 2059 4
2005 2059 5
2005 2059 5
2005 2059 5
2005 2059 5
2005 2059 5
2005 2059 5
2005 2059 4
2005 2059 5
2005 2059 5
2005 2059 5
2005 2059 5
2005 2059 5
2005 2059 5
2005 2059 4
2005 2059 5
2005 2059 5
2005 2059 5
2005 2059 4
2005 2059 4
2005 2059 5
2005 2059 5
2005 2059 5
2005 2059 1
2005 2059 1
2005 2059 5
2005 2059 5
2005 2059 5
2005 2059 5
2005 2059 5
2005 2059 5
2005 2059 5
2005 2059 5
2005 2059 5
2005 2059 5
2005 2059 4
2005 2059 4
2005 2059 3
2005 1886 2
2005 1886 2
2005 1886 5
2005 1886 1
2005 1886 4
2005 1886 5
2005 1886 4
2005 1886 4
2005 1886 4
2005 1886 4
2005 1886 5
2005 1886 4
2005 1886 3
2005 1886 4
2005 1886 3
2005 1886 4
2005 1886 4
2005 1886 4
2005 1886 4
2005 1886 4
2005 1886 3
2005 1886 3
2005 1886 4
2005 1886 4
2005 1886 1
2005 1886 4
2005 1886 5
2005 1886 4
2005 1886 5
2005 1890 4
2005 1890 4
2005 1890 4
2005 1890 2
2005 1890 3
2005 1890 1
2005 1890 4
2005 1890 2
2005 1890 3
2005 1890 1
2005 1890 4
2005 1815 5
2005 1815 5
2005 1815 5
2005 1994 3
2005 1994 4
2005 1994 2
2005 1994 3
2005 1994 3
2005 1994 5
2005 1994 3
2005 1994 5
2005 1994 5
2005 1994 3
2005 1994 5
2005 1994 3
2005 1994 3
2005 1994 5
2005 1994 4
2005 1994 4
2005 1994 4
2005 1994 5
2005 1994 4
2005 1994 4
2005 1994 5
2005 1994 3
2005 1994 5
2005 1994 3
2005 1994 3
2005 1994 4
2005 1994 1
2005 1994 4
2005 1994 5
2005 1935 5
2005 1935 2
2005 1935 2
2005 1935 5
2005 1935 1
2005 1935 5
2005 1935 5
2005 1935 5
2005 1754 3
2005 1754 5
2005 1951 5
2005 1951 5
2005 1951 4
2005 1951 4
2005 1951 1
2005 1951 4
2005 1951 4
2005 1951 2
2005 1951 5
2005 1951 4
2005 1951 3
2005 1951 2
2005 1951 4
2005 1951 4
2005 1951 4
2005 1951 5
2005 1951 3
2005 1951 3
2005 1951 4
2005 1951 5
2005 1951 4
2005 1951 5
2005 1951 5
2005 1951 5
2005 1951 3
2005 1951 4
2005 1951 4
2005 1951 4
2005 1951 4
2005 1951 5
2005 1951 3
2005 1951 5
2005 1951 4
2005 1951 1
2005 1951 5
2005 1951 1
2005 1951 5
2005 1951 5
2005 1951 4
2005 1951 5
2005 1951 5
2005 1951 5
2005 1951 4
2005 1951 5
2005 1951 5
2005 1951 5
2005 1951 4
2005 1951 3
2005 1951 4
2005 1951 5
2005 1951 4
2005 1951 4
2005 1951 5
2005 1951 3
2005 1951 4
2005 1951 1
2005 1951 1
2005 1951 5
2005 1951 4
2005 1951 3
2005 1951 5
2005 1951 5
2005 1951 5
2005 1951 4
2005 1951 5
2005 1951 5
2005 1951 3
2005 1951 2
2005 1951 5
2005 1951 1
2005 1951 5
2005 1951 4
2005 1951 5
2005 1951 5
2005 1951 4
2005 1798 5
2005 1798 4
2005 1798 4
2005 1798 4
2005 1798 3
2005 1798 1
2005 1798 3
2005 1798 4
2005 1798 5
2005 1798 1
2005 1798 3
2005 1798 4
2005 1798 1
2005 1798 4
2005 1798 4
2005 1798 3
2005 1798 4
2005 1798 5
2005 1798 5
2005 1798 2
2005 1798 4
2005 1798 5
2005 1798 5
2005 1798 3
2005 1798 4
2005 1798 2
2005 1798 5
2005 2080 5
2005 2080 5
2005 2080 5
2005 2080 5
2005 2080 5
2005 2080 5
2005 2080 4
2005 2080 5
2005 2080 5
2005 2080 5
2005 2080 5
2005 1885 5
2005 1885 5
2005 1885 4
2005 1885 5
2005 1885 5
2005 1885 4
2005 1885 5
2005 1885 4
2005 1885 5
2005 1885 5
2005 1885 5
2005 1885 5
2005 1885 5
2005 1885 5
2005 1885 5
2005 1885 5
2005 1885 5
2005 1885 5
2005 1885 5
2005 1885 5
2005 1885 5
2005 1885 3
2005 1885 5
2005 1885 5
2005 1885 5
2005 1885 4
2005 1885 5
2005 1885 4
2005 1885 5
2005 1885 5
2005 1885 5
2005 1885 5
2005 1885 5
2005 1885 5
2005 1885 5
2005 1885 5
2005 1885 2
2005 1885 5
2005 1885 2
2005 1885 5
2005 1885 5
2005 1885 5
2005 1885 5
2005 1885 5
2005 1885 4
2005 1885 5
2005 1885 4
2005 1885 4
2005 1885 5
2005 1885 5
2005 1885 4
2005 1885 2
2005 1885 2
2005 1885 5
2005 1885 4
2005 1885 5
2005 1885 5
2005 1885 4
2005 1885 5
2005 1885 5
2005 1885 4
2005 1885 4
2005 1885 5
2005 1885 4
2005 1885 4
2005 1885 5
2005 1885 5
2005 1885 5
2005 1885 5
2005 1885 5
2005 1885 3
2005 1885 4
2005 1885 5
2005 1885 5
2005 1885 3
2005 1885 4
2005 1885 1
2005 1885 1
2005 1885 2
2005 1885 4
2005 1885 5
2005 1885 4
2005 1885 4
2005 1885 5
2005 1885 5
2005 1885 5
2005 1885 5
2005 1885 4
2005 1885 5
2005 1885 4
2005 1885 5
2005 1885 5
2005 1885 5
2005 1885 5
2005 1885 5
2005 1885 5
2005 1885 4
2005 1885 4
2005 1885 5
2005 1885 4
2005 1885 5
2005 1885 4
2005 1885 5
2005 1885 5
2005 1885 5
2005 1885 5
2005 1885 5
2005 1885 3
2005 1885 5
2005 1885 5
2005 1885 4
2005 1885 5
2005 1885 4
2005 1885 5
2005 1885 4
2005 1985 5
2005 1985 2
2005 1985 5
2005 1985 5
2005 1985 5
2005 1985 5
2005 1985 4
2005 1985 5
2005 1985 2
2005 1985 5
2005 1985 5
2005 1985 4
2005 1985 3
2005 1985 2
2005 1985 4
2005 1985 5
2005 1985 5
2005 1985 5
2005 1985 5
2005 1985 5
2005 1985 5
2005 1985 5
2005 1985 4
2005 1985 4
2005 1985 5
2005 1985 1
2005 1985 5
2005 1985 3
2005 1985 5
2005 1985 5
2005 1985 3
2005 1985 5
2005 1985 2
2005 1985 4
2005 1985 5
2005 1985 5
2005 1985 4
2005 1985 2
2005 1985 5
2005 1985 3
2005 1985 4
2005 1985 5
2005 1985 5
2005 1985 4
2005 1985 5
2005 1985 4
2005 1985 4
2005 1985 5
2005 1985 5
2005 1985 5
2005 1985 5
2005 1985 1
2005 1985 4
2005 1985 5
2005 1985 5
2005 1985 4
2005 1985 5
2005 1985 4
2005 1985 4
2005 1985 2
2005 1985 5
2005 1985 4
2005 1985 5
2005 1985 5
2005 1985 5
2005 1985 4
2005 1985 5
2005 1985 4
2005 1985 2
2005 1985 2
2005 1985 2
2005 1985 5
2005 1985 5
2005 1985 1
2005 1985 5
2005 1985 1
2005 1985 3
2005 1985 2
2005 1985 4
2005 1985 3
2005 1985 5
2005 1985 3
2005 1985 5
2005 1985 2
2005 1985 5
2005 1985 2
2005 1985 5
2005 1985 5
2005 1985 5
2005 1985 5
2005 1985 5
2005 1985 5
2005 1985 5
2005 1985 4
2005 1985 5
2005 1985 4
2005 1985 3
2005 1985 5
2005 1985 4
2005 1985 5
2005 1985 5
2005 1985 4
2005 1985 1
2005 1985 5
2005 1985 5
2005 1985 3
2005 1985 4
2005 1985 4
2005 1985 5
2005 1985 5
2005 1985 5
2005 1985 3
2005 1985 3
2005 1985 2
2005 1985 2
2005 1985 3
2005 1985 2
2005 1985 5
2005 1985 3
2005 1985 2
2005 1985 1
2005 1985 3
2005 1985 5
2005 1985 5
2005 1985 5
2005 1985 4
2005 1985 3
2005 1985 5
2005 1985 3
2005 1985 5
2005 1985 5
2005 1985 5
2005 1985 5
2005 1985 1
2005 1985 2
2005 1985 1
2005 1985 5
2005 1985 2
2005 1985 5
2005 1985 3
2005 1985 3
2005 1985 5
2005 1985 2
2005 1985 4
2005 1985 4
2005 1985 5
2005 1985 4
2005 1985 5
2005 1985 4
2005 1985 5
2005 1985 5
2005 1985 2
2005 1985 5
2005 1985 5
2005 1985 3
2005 1985 5
2005 1985 5
2005 1985 4
2005 1985 4
2005 1985 5
2005 1985 4
2005 1985 4
2005 1985 4
2005 1985 4
2005 1985 5
2005 1985 5
2005 1985 4
2005 1985 5
2005 1985 4
2005 1985 4
2005 1985 3
2005 1985 4
2005 1985 2
2005 1985 2
2005 1985 5
2005 1985 4
2005 1985 3
2005 1985 5
2005 1985 5
2005 1985 4
2005 1985 5
2005 1985 5
2005 1985 5
2005 1985 2
2005 1985 5
2005 1985 5
2005 1985 5
2005 1985 5
2005 1985 1
2005 1985 4
2005 1985 3
2005 1985 4
2005 1985 5
2005 1985 3
2005 1985 5
2005 1985 5
2005 1985 5
2005 1985 5
2005 1985 5
2005 1985 5
2005 1985 5
2005 1985 3
2005 1985 1
2005 1985 1
2005 1985 1
2005 1985 1
2005 1985 2
2005 1985 2
2005 1985 4
2005 1985 5
2005 1985 3
2005 1985 5
2005 1985 1
2005 1985 1
2005 1985 5
2005 1985 4
2005 1985 5
2005 1985 1
2005 1985 5
2005 1985 5
2005 1985 4
2005 1985 2
2005 1985 5
2005 1985 4
2005 1985 1
2005 1985 5
2005 1985 5
2005 1985 4
2005 1920 4
2005 1920 5
2005 1920 5
2005 1920 4
2005 1920 5
2005 1920 4
2005 1920 4
2005 1920 5
2005 1920 2
2005 1920 5
2005 1920 5
2005 1920 1
2005 1920 3
2005 1920 1
2005 1920 3
2005 1920 3
2005 1920 1
2005 1920 2
2005 1920 5
2005 1920 2
2005 1920 4
2005 1920 1
2005 1920 1
2005 1920 2
2005 1920 4
2005 1920 5
2005 1920 5
2005 1848 1
2005 1848 4
2005 1848 1
2005 1982 4
2005 1982 3
2005 1982 3
2005 1982 4
2005 1982 3
2005 1982 2
2005 1982 2
2005 1982 3
2005 1982 1
2005 1982 4
2005 1982 4
2005 1982 4
2005 1982 3
2005 1982 3
2005 1982 3
2005 1982 4
2005 1982 4
2005 1982 4
2005 1982 4
2005 1982 4
2005 1982 3
2005 1982 2
2005 1982 1
2005 1982 2
2005 1982 3
2005 1982 2
2005 1982 2
2005 1982 3
2005 1982 3
2005 1982 1
2005 1982 3
2005 1982 4
2005 1982 4
2005 1982 1
2005 1982 2
2005 1982 3
2005 1982 4
2005 1982 2
2005 1982 2
2005 1982 1
2005 1982 3
2005 1982 1
2005 1982 1
2005 1982 2
2005 1982 4
2005 1982 2
2005 1982 4
2005 1982 3
2005 1982 1
2005 2031 5
2005 2031 3
2005 2031 2
2005 2031 3
2005 2031 5
2005 2031 5
2005 2031 4
2005 2031 4
2005 2031 4
2005 2031 4
2005 2031 3
2005 2031 4
2005 2031 5
2005 2031 4
2005 2031 5
2005 2031 5
2005 2031 5
2005 2031 5
2005 2031 4
2005 2031 5
2005 2031 4
2005 2031 5
2005 2031 5
2005 2031 4
2005 2031 5
2005 2031 4
2005 2031 4
2005 1931 4
2005 1931 2
2005 1931 1
2005 1931 1
2005 1931 2
2005 1931 3
2005 1931 3
2005 1931 3
2005 1931 1
2005 1931 1
2005 1931 1
2005 1931 1
2005 1931 4
2005 1931 3
2005 1931 2
2005 1931 3
2005 1931 3
2005 1931 1
2005 1931 3
2005 1931 4
2005 1931 3
2005 1931 3
2005 1931 3
2005 1931 3
2005 1931 3
2005 1931 5
2005 1931 4
2005 1931 1
2005 1931 4
2005 1931 4
2005 1931 4
2005 1931 2
2005 1931 2
2005 1931 3
2005 1931 1
2005 1931 1
2005 1931 4
2005 1931 2
2005 1931 5
2005 1931 4
2005 1931 2
2005 1931 3
2005 1931 1
2005 1931 2
2005 1931 2
2005 1778 5
2005 1778 4
2005 1778 4
2005 1778 4
2005 1778 4
2005 1778 4
2005 1778 5
2005 1778 4
2005 1778 5
2005 1778 4
2005 1778 4
2005 1778 5
2005 1778 5
2005 1778 5
2005 1778 5
2005 1778 3
2005 1778 5
2005 1778 5
2005 1778 5
2005 1778 2
2005 1778 3
2005 1778 5
2005 1778 5
2005 1778 5
2005 1778 1
2005 1778 5
2005 1778 4
2005 1778 5
2005 1778 5
2005 1778 4
2005 1778 1
2005 1778 4
2005 1778 4
2005 1778 5
2005 1778 5
2005 1778 4
2005 1931 4
2005 1931 3
2005 1931 4
2005 1931 4
2005 1931 3
2005 1931 4
2005 1931 3
2005 1931 4
2005 1931 3
2005 1931 4
2005 1931 2
2005 1931 1
2005 1931 4
2005 1931 4
2005 1931 1
2005 1931 2
2005 1931 1
2005 1931 4
2005 1931 3
2005 1931 3
2005 1931 2
2005 1931 4
2005 1931 2
2005 1931 2
2005 1931 3
2005 1931 2
2005 1931 1
2005 1931 3
2005 1931 5
2005 1931 2
2005 1931 3
2005 1931 4
2005 1931 3
2005 1931 1
2005 1931 1
2005 1931 1
2005 1931 1
2005 1931 4
2005 1931 3
2005 1931 1
2005 1931 1
2005 1931 1
2005 1931 1
2005 1931 5
2005 1931 2
2005 1931 3
2005 1931 5
2005 1931 2
2005 1931 1
2005 1931 4
2005 1931 4
2005 1931 3
2005 1931 4
2005 1931 2
2005 1931 1
2005 1931 1
2005 1931 1
2005 1931 2
2005 1931 3
2005 1931 4
2005 1931 1
2005 1931 1
2005 1931 2
2005 1931 4
2005 1931 4
2005 1931 5
2005 1931 1
2005 1931 1
2005 1931 1
2005 1931 1
2005 1931 4
2005 1931 3
2005 1931 3
2005 1931 3
2005 1931 1
2005 1931 5
2005 1931 5
2005 1931 1
2005 1931 5
2005 1931 5
2005 1931 5
2005 1931 5
2005 1931 4
2005 1931 2
2005 1931 1
2005 1931 3
2005 1931 1
2005 1931 2
2005 1931 2
2005 1931 4
2005 1931 4
2005 1931 4
2005 1931 4
2005 2070 4
2005 2070 5
2005 2070 1
2005 2070 5
2005 2070 4
2005 1829 2
2005 1829 1
2005 1829 3
2005 1829 3
2005 1829 1
2005 1829 4
2005 1829 5
2005 1829 1
2005 1829 1
2005 1829 1
2005 1829 1
2005 1829 3
2005 1829 5
2005 1829 1
2005 1829 5
2005 1829 1
2005 1829 1
2005 1829 1
2005 1829 1
2005 1829 5
2005 1829 3
2005 1829 1
2005 1829 2
2005 1829 1
2005 1829 1
2005 1978 5
2005 1978 5
2005 1978 3
2005 1978 4
2005 1978 1
2005 1978 1
2005 1978 2
2005 1978 4
2005 1978 3
2005 1978 5
2005 1978 4
2005 1978 3
2005 1978 2
2005 1978 5
2005 1978 5
2005 1978 3
2005 1978 4
2005 1978 3
2005 1978 4
2005 1978 3
2005 1978 2
2005 1978 2
2005 1978 3
2005 1978 2
2005 1978 1
2005 1978 1
2005 1978 1
2005 1978 1
2005 1978 2
2005 1978 2
2005 1978 4
2005 1978 3
2005 1978 3
2005 1978 2
2005 1978 3
2005 1978 3
2005 1978 4
2005 1978 4
2005 1978 5
2005 1978 1
2005 1978 1
2005 1978 4
2005 1978 2
2005 1978 4
2005 1978 2
2005 1978 4
2005 1978 3
2005 1978 3
2005 1978 1
2005 1978 3
2005 1978 5
2005 1978 5
2005 1978 5
2005 1978 2
2005 1978 1
2005 1978 1
2005 1978 5
2005 1875 4
2005 1875 2
2005 1875 4
2005 1875 5
2005 1875 5
2005 1875 5
2005 1875 4
2005 1875 5
2005 1875 3
2005 1875 3
2005 1880 4
2005 1880 5
2005 1880 5
2005 1880 2
2005 1772 5
2005 1772 5
2005 1772 5
2005 1933 2
2005 1933 1
2005 1933 4
2005 1696 4
2005 1696 1
2005 1696 1
2005 1696 2
2005 1696 2
2005 1696 1
2005 1696 1
2005 1696 1
2005 1696 2
2005 1696 2
2005 1696 3
2005 1696 1
2005 1696 4
2005 1696 4
2005 1696 4
2005 1696 2
2005 1696 3
2005 1696 4
2005 1696 1
2005 1696 3
2005 1696 2
2005 1696 4
2005 1696 1
2005 1696 4
2005 1880 4
2005 1880 3
2005 1880 5
2005 1880 4
2005 1880 5
2005 1880 4
2005 1880 4
2005 1880 3
2005 1880 4
2005 1880 1
2005 1880 3
2005 1880 4
2005 1880 4
2005 1880 2
2005 1880 5
2005 1880 5
2005 1880 4
2005 1880 4
2005 1880 4
2005 1880 4
2005 1880 5
2005 1880 5
2005 1880 4
2005 1880 5
2005 1880 4
2005 1880 1
2005 1880 1
2005 1808 5
2005 1808 4
2005 1808 4
2005 1808 2
2005 1808 5
2005 1808 5
2005 1808 5
2005 1808 4
2005 1808 3
2005 1808 4
2005 1808 4
2005 1808 5
2005 1808 4
2005 1808 5
2005 1713 4
2005 1713 5
2005 1713 3
2005 1713 5
2005 1713 1
2005 1713 5
2005 1713 1
2005 1713 3
2005 1713 1
2005 1713 1
2005 1713 5
2005 1713 3
2005 1713 1
2005 1713 3
2005 1713 2
2005 1713 4
2005 1713 5
2005 1713 2
2005 1713 1
2005 1713 1
2005 1713 1
2005 2038 4
2005 2038 5
2005 2038 5
2005 2038 4
2005 2038 5
2005 2038 5
2005 2038 4
2005 2038 5
2005 2038 5
2005 2038 5
2005 2038 4
2005 2038 4
2005 2038 5
2005 2038 5
2005 2038 5
2005 2038 5
2005 2038 5
2005 2038 5
2005 2038 5
2005 2038 4
2005 2038 4
2005 2038 5
2005 2038 5
2005 2038 4
2005 2038 4
2005 2038 4
2005 2038 5
2005 2038 5
2005 2038 4
2005 2038 4
2005 2038 5
2005 2038 5
2005 2038 5
2005 2038 4
2005 2038 3
2005 2038 5
2005 2038 5
2005 2038 4
2005 2038 5
2005 2038 3
2005 2038 3
2005 2038 4
2005 2038 4
2005 2038 2
2005 2038 2
2005 2038 5
2005 2038 5
2005 2038 3
2005 2038 5
2005 2038 4
2005 2038 5
2005 2038 4
2005 2038 5
2005 2038 4
2005 2038 5
2005 2038 2
2005 2038 4
2005 2038 5
2005 2038 5
2005 2038 5
2005 2038 3
2005 2038 5
2005 2038 3
2005 2038 5
2005 2038 4
2005 2038 5
2005 2038 4
2005 2038 4
2005 2038 4
2005 2038 4
2005 2038 4
2005 2038 5
2005 2038 5
2005 2038 5
2005 2038 4
2005 2038 5
2005 2038 4
2005 2038 3
2005 2038 5
2005 2038 4
2005 2038 3
2005 2038 2
2005 2038 4
2005 2038 4
2005 2038 5
2005 2038 4
2005 2038 5
2005 2038 5
2005 2038 5
2005 2038 4
2005 2038 3
2005 2038 4
2005 2038 4
2005 2038 5
2005 2038 3
2005 2038 5
2005 2038 4
2005 2038 5
2005 2038 4
2005 2038 5
2005 2038 4
2005 2038 5
2005 2038 3
2005 2038 3
2005 2038 4
2005 2038 5
2005 2038 4
2005 2038 5
2005 2038 3
2005 2038 2
2005 2038 4
2005 2038 5
2005 2038 5
2005 2038 4
2005 2038 5
2005 2038 5
2005 2038 3
2005 2038 5
2005 2038 5
2005 2038 4
2005 2038 5
2005 2038 5
2005 2038 5
2005 2038 5
2005 2038 4
2005 2038 5
2005 2038 5
2005 2038 5
2005 2038 5
2005 2038 5
2005 2038 4
2005 2038 5
2005 2038 3
2005 2038 5
2005 2038 5
2005 2038 5
2005 2038 4
2005 2038 3
2005 2038 5
2005 2038 5
2005 2038 5
2005 2038 5
2005 2038 4
2005 2038 4
2005 2038 5
2005 2038 5
2005 2038 4
2005 2038 4
2005 2038 5
2005 2038 5
2005 2038 4
2005 2038 5
2005 2038 3
2005 2038 5
2005 2038 4
2005 2038 4
2005 1891 5
2005 1891 4
2005 1891 5
2005 1891 3
2005 1891 5
2005 1891 5
2005 1891 5
2005 1891 5
2005 1891 5
2005 1891 5
2005 1891 4
2005 1891 5
2005 1891 4
2005 1891 3
2005 1891 4
2005 1891 5
2005 1891 5
2005 1891 5
2005 1891 4
2005 1990 4
2005 1990 3
2005 1990 4
2005 1990 4
2005 1990 5
2005 1990 5
2005 1990 2
2005 1990 4
2005 1990 1
2005 1990 4
2005 1990 1
2005 1990 4
2005 1990 5
2005 1990 4
2005 1990 2
2005 1990 5
2005 1990 3
2005 1990 2
2005 1990 5
2005 1990 1
2005 1990 3
2005 1990 1
2005 1990 5
2005 1990 5
2005 1990 3
2005 1990 1
2005 1990 5
2005 1990 5
2005 1990 4
2005 1990 4
2005 1990 4
2005 1990 4
2005 1990 5
2005 1990 5
2005 1990 5
2005 1990 5
2005 1990 5
2005 1990 4
2005 1990 5
2005 1990 3
2005 1990 5
2005 1990 5
2005 1990 1
2005 1990 1
2005 1990 4
2005 1990 5
2005 1990 5
2005 1990 5
2005 1990 2
2005 1990 4
2005 1990 5
2005 1944 5
2005 1944 4
2005 1944 4
2005 1944 5
2005 1944 3
2005 1944 5
2005 1944 4
2005 1944 4
2005 1944 4
2005 1944 5
2005 1944 4
2005 1944 4
2005 1944 4
2005 1944 4
2005 1944 4
2005 1944 5
2005 1944 5
2005 1944 4
2005 1944 4
2005 1944 5
2005 1944 4
2005 1944 5
2005 1944 4
2005 1944 3
2005 1944 2
2005 1944 4
2005 1944 3
2005 1944 4
2005 1944 5
2005 1975 5
2005 1975 5
2005 1975 4
2005 1975 4
2005 1975 4
2005 1975 4
2005 1975 4
2005 1975 4
2005 1975 5
2005 1975 4
2005 1975 4
2005 1975 5
2005 1975 5
2005 1975 3
2005 1975 4
2005 1975 5
2005 1975 4
2005 1975 4
2005 1975 3
2005 1975 3
2005 1975 3
2005 1975 4
2005 1975 2
2005 1975 5
2005 1975 4
2005 1975 4
2005 1975 4
2005 1975 5
2005 1975 3
2005 1975 4
2005 1975 3
2005 1975 4
2005 2012 4
2005 2012 4
2005 2012 5
2005 2012 5
2005 2012 5
2005 2012 5
2005 2012 4
2005 2012 5
2005 2012 4
2005 2012 5
2005 2012 4
2005 2012 4
2005 2012 4
2005 2012 3
2005 2012 4
2005 2012 4
2005 2012 4
2005 2012 4
2005 2012 5
2005 2012 4
2005 2012 5
2005 2012 4
2005 2012 5
2005 2012 5
2005 2012 5
2005 2012 4
2005 2012 4
2005 2020 5
2005 1963 5
2005 1963 5
2005 1963 5
2005 1963 4
2005 1963 5
2005 1963 4
2005 1963 4
2005 1963 5
2005 1963 4
2005 1963 5
2005 1963 4
2005 1963 5
2005 1963 4
2005 1963 5
2005 1963 5
2005 1963 4
2005 1963 5
2005 1963 4
2005 1963 4
2005 1963 5
2005 1963 4
2005 1963 4
2005 1963 4
2005 1963 5
2005 1963 5
2005 1963 5
2005 1963 5
2005 1963 4
2005 1963 3
2005 1963 5
2005 1963 5
2005 1963 4
2005 1963 4
2005 1963 4
2005 1963 4
2005 1963 5
2005 1963 5
2005 1963 5
2005 1963 4
2005 1963 5
2005 1963 5
2005 1947 5
2005 1947 4
2005 1947 5
2005 1947 5
2005 1947 4
2005 1947 2
2005 1947 5
2005 1947 5
2005 1947 3
2005 1947 5
2005 1947 5
2005 1947 5
2005 1947 5
2005 1947 5
2005 1947 5
2005 1947 3
2005 1947 5
2005 1947 5
2005 1947 5
2005 1947 5
2005 1947 5
2005 1947 5
2005 1947 5
2005 1947 5
2005 1947 5
2005 1947 4
2005 1947 5
2005 1947 5
2005 1764 3
2005 1764 4
2005 1764 5
2005 1764 3
2005 1764 4
2005 1764 4
2005 1764 5
2005 1764 4
2005 1764 4
2005 1764 4
2005 1764 5
2005 1764 4
2005 1764 3
2005 1764 4
2005 1764 4
2005 1764 3
2005 1764 2
2005 1764 5
2005 1764 4
2005 1764 4
2005 1764 2
2005 1764 5
2005 1764 5
2005 1764 4
2005 1764 3
2005 1764 1
2005 1764 5
2005 1764 3
2005 1764 4
2005 1764 4
2005 1764 3
2005 1764 3
2005 1764 1
2005 1764 4
2005 1764 4
2005 1764 5
2005 1764 3
2005 1764 4
2005 1764 5
2005 1764 3
2005 1764 2
2005 1764 2
2005 1764 5
2005 1764 4
2005 1764 4
2005 1764 4
2005 1764 3
2005 1764 1
2005 1764 4
2005 1764 3
2005 1764 3
2005 1764 1
2005 1764 1
2005 1764 4
2005 1764 4
2005 2019 5
2005 2019 5
2005 2019 4
2005 2019 4
2005 2019 4
2005 2019 5
2005 2019 5
2005 2019 5
2005 2019 3
2005 2019 5
2005 2019 5
2005 2019 4
2005 2019 4
2005 2019 5
2005 2019 4
2005 2019 4
2005 2019 4
2005 2019 2
2005 2019 4
2005 2019 5
2005 2019 4
2005 2019 4
2005 2019 5
2005 2019 5
2005 2019 4
2005 2019 4
2005 2019 5
2005 2019 5
2005 2019 5
2005 2019 3
2005 2019 4
2005 2019 4
2005 2019 4
2005 2019 3
2005 2019 3
2005 2019 2
2005 1973 5
2005 1973 5
2005 1973 4
2005 1973 5
2005 1973 4
2005 1973 5
2005 1973 4
2005 1973 4
2005 1973 4
2005 1973 3
2005 1973 4
2005 1973 1
2005 1973 2
2005 1973 3
2005 1973 5
2005 1973 3
2005 1973 5
2005 1973 5
2005 1973 2
2005 1973 4
2005 1973 4
2005 1973 4
2005 1973 5
2005 1973 1
2005 2044 2
2005 2044 4
2005 2044 1
2005 2044 1
2005 2044 2
2005 2044 3
2005 2044 2
2005 2044 2
2005 1767 5
2005 1767 5
2005 1767 4
2005 1767 5
2005 1767 5
2005 1767 5
2005 1767 4
2005 1767 3
2005 1767 4
2005 1767 5
2005 1767 2
2005 1767 5
2005 1767 1
2005 2035 5
2005 2035 5
2005 2035 5
2005 2035 5
2005 2035 3
2005 1973 5
2005 1973 4
2005 1973 5
2005 1973 3
2005 1973 4
2005 1973 5
2005 1973 3
2005 1973 5
2005 1973 4
2005 1973 3
2005 1973 4
2005 1973 5
2005 1973 4
2005 1973 4
2005 1973 5
2005 1973 5
2005 1973 2
2005 1973 3
2005 1973 5
2005 1973 3
2005 1973 3
2005 1973 5
2005 1973 5
2005 1973 1
2005 1973 4
2005 1973 2
2005 1973 4
2005 1973 4
2005 1973 4
2005 1973 1
2005 1973 4
2005 1973 3
2005 1973 4
2005 1973 3
2005 1973 2
2005 1973 4
2005 1973 4
2005 1973 1
2005 1973 2
2005 1973 2
2005 1973 2
2005 1973 4
2005 1973 3
2005 1973 5
2005 1973 5
2005 1973 2
2005 1973 3
2005 1973 5
2005 1973 3
2005 1973 5
2005 1973 1
2005 1973 5
2005 1973 4
2005 1973 5
2005 1973 4
2005 1973 1
2005 1973 2
2005 1973 5
2005 1973 3
2005 1973 4
2005 1973 5
2005 1973 4
2005 1973 1
2005 1917 4
2005 1917 5
2005 1917 5
2005 1917 3
2005 1917 5
2005 1917 5
2005 1926 4
2005 1926 4
2005 1926 4
2005 1926 5
2005 1926 5
2005 1926 3
2005 1926 2
2005 1926 3
2005 1926 2
2005 1926 5
2005 1926 3
2005 1926 4
2005 1926 3
2005 1926 3
2005 1926 3
2005 1926 4
2005 1926 5
2005 1926 3
2005 1926 2
2005 1926 4
2005 1926 2
2005 1926 4
2005 1926 3
2005 1926 3
2005 1926 4
2005 1926 5
2005 1926 3
2005 1926 3
2005 1926 3
2005 1926 4
2005 1926 4
2005 1926 4
2005 1926 4
2005 1926 4
2005 1926 3
2005 1926 4
2005 1926 3
2005 1926 4
2005 1926 4
2005 1926 4
2005 1926 4
2005 1926 3
2005 1926 4
2005 1926 4
2005 1926 1
2005 1926 4
2005 1926 3
2005 1926 4
2005 1972 4
2005 1972 4
2005 1972 5
2005 1972 4
2005 1972 4
2005 1972 3
2005 1972 4
2005 1972 4
2005 1972 4
2005 1972 5
2005 1972 3
2005 1972 5
2005 1972 4
2005 1972 4
2005 1972 2
2005 1972 4
2005 1972 2
2005 1972 3
2005 1972 3
2005 1972 4
2005 1972 4
2005 1972 5
2005 1972 3
2005 1972 1
2005 1972 4
2005 1972 2
2005 1972 3
2005 1972 4
2005 1972 4
2005 1972 3
2005 1972 5
2005 1972 4
2005 1972 3
2005 1972 1
2005 1972 4
2005 1946 4
2005 1946 4
2005 1946 3
2005 1946 5
2005 1946 1
2005 1946 1
2005 1946 4
2005 1946 3
2005 1946 1
2005 1946 4
2005 1946 3
2005 1946 2
2005 1946 2
2005 1946 3
2005 1946 3
2005 1946 4
2005 1946 2
2005 1946 5
2005 1946 1
2005 1946 4
2005 1946 5
2005 1946 5
2005 1946 2
2005 1946 5
2005 1946 4
2005 1946 2
2005 1946 3
2005 1946 5
2005 1946 1
2005 1946 2
2005 1946 2
2005 1946 2
2005 1946 1
2005 1946 1
2005 1946 2
2005 1946 3
2005 1946 4
2005 1946 1
2005 1946 2
2005 1946 2
2005 1946 1
2005 1946 1
2005 1946 2
2005 1946 3
2005 1946 2
2005 1946 2
2005 1946 1
2005 1946 1
2005 1985 5
2005 1985 4
2005 1985 4
2005 1985 4
2005 1985 5
2005 1985 5
2005 1923 4
2005 1923 5
2005 1923 5
2005 1923 4
2005 1923 5
2005 1923 5
2005 1923 5
2005 1923 4
2005 1923 3
2005 1923 5
2005 1923 5
2005 1923 3
2005 1923 4
2005 1923 4
2005 1923 3
2005 1923 5
2005 1923 5
2005 1923 5
2005 1923 3
2005 1923 5
2005 1923 5
2005 1923 5
2005 1923 5
2005 1923 4
2005 1923 5
2005 1923 4
2005 1923 4
2005 1923 5
2005 1923 2
2005 1923 5
2005 1923 5
2005 1923 4
2005 1923 1
2005 1923 4
2005 1923 5
2005 1923 3
2005 1923 5
2005 1923 5
2005 1923 5
2005 1923 5
2005 1923 5
2005 1923 4
2005 1923 4
2005 1923 5
2005 1923 4
2005 1923 5
2005 1923 5
2005 1923 2
2005 1923 5
2005 1923 1
2005 1923 5
2005 1923 5
2005 1923 5
2005 1923 5
2005 1923 4
2005 1923 5
2005 1923 4
2005 1923 2
2005 1923 5
2005 1923 2
2005 1923 5
2005 1923 5
2005 1923 5
2005 1923 5
2005 1923 5
2005 1923 5
2005 1923 5
2005 1923 5
2005 1923 5
2005 1923 4
2005 1923 5
2005 1923 1
2005 1923 3
2005 1923 2
2005 1923 5
2005 1923 5
2005 1923 4
2005 1923 5
2005 1899 4
2005 1899 4
2005 1899 4
2005 1899 3
2005 1899 4
2005 1899 5
2005 1899 4
2005 1899 5
2005 1899 4
2005 1899 4
2005 1899 1
2005 1899 5
2005 1899 4
2005 1899 3
2005 1899 3
2005 1899 4
2005 1899 3
2005 1899 3
2005 1899 2
2005 1899 2
2005 1910 5
2005 1910 5
2005 1910 5
2005 1910 5
2005 1910 4
2005 1910 5
2005 1910 5
2005 1910 4
2005 1910 5
2005 1910 5
2005 1910 5
2005 1910 5
2005 1910 5
2005 1910 5
2005 1910 1
2005 1910 5
2005 1910 4
2005 1923 4
2005 1923 5
2005 1923 3
2005 1923 3
2005 1923 5
2005 1923 5
2005 1923 4
2005 1923 5
2005 1923 5
2005 1923 3
2005 1923 4
2005 1923 4
2005 1923 3
2005 1923 2
2005 1923 2
2005 1923 3
2005 1923 1
2005 1893 4
2005 1893 5
2005 1893 4
2005 1893 5
2005 1893 5
2005 1924 4
2005 1924 4
2005 1924 4
2005 1924 5
2005 1924 5
2005 1924 5
2005 1924 5
2005 1924 5
2005 1924 5
2005 1924 4
2005 1924 5
2005 1924 4
2005 1924 3
2005 1924 4
2005 1924 4
2005 1924 5
2005 1924 5
2005 1924 4
2005 1924 4
2005 1924 4
2005 1924 4
2005 1924 5
2005 1924 4
2005 1924 5
2005 1924 5
2005 1924 4
2005 1924 3
2005 1924 5
2005 1924 5
2005 1924 5
2005 1924 5
2005 1924 1
2005 1924 4
2005 1924 5
2005 1850 4
2005 1850 2
2005 1850 3
2005 1850 1
2005 1850 4
2005 1850 4
2005 1850 3
2005 1850 3
2005 1850 4
2005 1850 3
2005 1850 3
2005 1850 2
2005 1850 1
2005 1850 1
2005 1944 2
2005 1944 3
2005 1944 4
2005 1944 3
2005 1944 2
2005 1944 2
2005 1944 4
2005 1944 1
2005 2154 4
2005 2154 5
2005 2154 5
2005 2154 5
2005 2154 4
2005 1902 4
2005 1902 4
2005 1902 5
2005 1902 3
2005 1902 5
2005 1902 4
2005 1902 2
2005 1902 5
2005 1902 3
2005 1902 4
2005 1902 4
2005 1902 1
2005 1902 5
2005 1902 4
2005 1902 4
2005 1902 3
2005 1902 5
2005 1902 3
2005 1902 5
2005 1902 3
2005 1902 4
2005 1902 5
2005 1902 4
2005 1854 4
2005 1854 1
2005 1854 5
2005 1854 5
2005 1854 5
2005 1854 5
2005 1854 5
2005 1854 5
2005 1854 5
2005 1854 5
2005 1854 4
2005 1854 5
2005 1854 5
2005 1854 1
2005 1854 5
2005 1854 4
2005 1854 5
2005 1854 5
2005 1854 5
2005 1854 5
2005 1854 5
2005 1854 5
2005 1854 5
2005 1854 5
2005 1854 5
2005 1854 1
2005 1854 5
2005 1999 5
2005 1999 1
2005 1999 5
2005 1999 5
2005 1999 5
2005 1977 5
2005 1977 4
2005 1977 1
2005 1977 5
2005 1977 4
2005 1977 5
2005 1977 3
2005 1977 4
2005 1977 5
2005 1977 5
2005 1977 3
2005 1977 4
2005 1977 4
2005 1977 5
2005 1977 4
2005 1977 5
2005 1977 4
2005 1977 4
2005 1977 5
2005 1977 5
2005 1977 5
2005 1977 5
2005 1977 5
2005 1977 5
2005 1977 1
2005 1977 5
2005 1977 3
2005 1977 5
2005 1977 4
2005 1977 4
2005 1977 5
2005 1977 5
2005 1977 5
2005 1977 3
2005 1977 5
2005 1977 5
2005 1977 2
2005 1977 4
2005 1977 5
2005 1977 5
2005 1977 1
2005 1977 4
2005 1977 5
2005 1977 4
2005 1977 5
2005 1977 5
2005 1977 4
2005 1977 1
2005 1700 4
2005 1700 1
2005 1700 4
2005 2082 4
2005 2082 1
2005 2082 4
2005 2082 3
2005 2082 3
2005 2082 1
2005 2082 3
2005 2082 2
2005 2082 3
2005 2082 1
2005 2082 1
2005 2082 1
2005 2082 2
2005 2082 2
2005 2082 1
2005 2082 2
2005 2082 2
2005 2082 2
2005 2082 3
2005 2082 2
2005 2082 2
2005 2082 2
2005 2082 1
2005 2082 1
2005 2082 3
2005 2082 3
2005 2082 4
2005 2082 1
2005 2082 4
2005 2082 2
2005 2082 5
2005 2082 2
2005 2082 1
2005 2082 1
2005 2082 2
2005 2082 1
2005 2082 4
2005 2082 1
2005 2082 1
2005 2082 3
2005 2082 1
2005 2082 2
2005 2082 1
2005 2082 2
2005 2082 5
2005 2082 1
2005 2082 4
2005 2082 2
2005 2082 1
2005 2082 5
2005 2082 3
2005 2082 1
2005 2082 3
2005 2082 1
2005 2082 2
2005 2082 1
2005 2082 2
2005 2082 2
2005 2082 3
2005 2082 1
2005 2082 1
2005 2082 1
2005 2082 1
2005 2082 1
2005 2082 1
2005 2082 3
2005 2082 4
2005 2082 4
2005 2082 3
2005 2082 2
2005 2082 1
2005 2082 1
2005 2082 4
2005 2082 2
2005 2082 1
2005 2082 1
2005 2082 5
2005 2082 4
2005 2082 1
2005 2082 1
2005 2082 3
2005 2082 4
2005 2082 2
2005 2082 1
2005 2082 1
2005 1997 5
2005 1997 4
2005 1997 5
2005 1962 3
2005 1962 2
2005 1962 4
2005 1786 4
2005 1786 5
2005 1786 4
2005 1786 5
2005 1786 5
2005 1786 4
2005 1786 5
2005 1786 5
2005 1786 4
2005 1786 4
2005 1786 4
2005 1786 5
2005 1786 5
2005 1786 5
2005 1786 4
2005 1786 5
2005 1786 3
2005 1786 5
2005 1786 5
2005 1786 5
2005 1786 3
2005 1786 4
2005 1786 5
2005 1786 4
2005 1786 3
2005 1786 5
2005 1786 4
2005 1786 5
2005 1786 5
2005 1786 5
2005 1786 5
2005 1786 4
2005 1786 5
2005 1786 2
2005 1786 5
2005 1786 4
2005 1786 4
2005 1786 4
2005 1786 5
2005 1786 4
2005 1786 4
2005 1786 4
2005 1786 5
2005 1786 5
2005 1786 4
2005 1786 5
2005 1786 5
2005 1786 5
2005 1786 5
2005 1786 5
2005 1786 5
2005 1786 3
2005 1786 3
2005 1786 4
2005 1786 4
2005 1786 5
2005 1786 4
2005 1786 1
2005 1786 5
2005 1786 4
2005 1786 5
2005 1786 4
2005 1786 4
2005 1786 4
2005 1786 4
2005 1786 4
2005 1786 5
2005 1786 5
2005 1786 2
2005 1786 5
2005 1786 3
2005 1786 4
2005 1786 5
2005 1786 5
2005 1786 4
2005 1786 5
2005 1786 4
2005 1786 5
2005 1786 5
2005 1786 5
2005 1786 5
2005 1786 4
2005 1786 5
2005 1786 5
2005 1786 5
2005 1786 5
2005 1786 5
2005 1786 5
2005 1786 5
2005 1786 5
2005 1786 5
2005 1786 4
2005 1786 5
2005 1786 5
2005 1786 5
2005 1786 2
2005 1786 4
2005 1786 4
2005 1786 5
2005 1786 5
2005 1786 3
2005 1786 5
2005 1786 5
2005 1786 5
2005 1786 3
2005 1786 4
2005 1786 5
2005 1786 4
2005 1786 5
2005 1786 4
2005 1786 5
2005 1786 4
2005 1786 5
2005 1786 4
2005 1786 4
2005 1786 4
2005 1786 4
2005 1786 4
2005 1786 5
2005 1786 4
2005 1786 2
2005 1786 5
2005 2010 5
2005 2010 5
2005 2010 2
2005 1719 4
2005 1719 5
2005 1719 5
2005 1719 5
2005 1859 5
2005 1859 5
2005 1859 5
2005 1859 5
2005 1859 5
2005 1859 5
2005 1859 5
2005 1830 2
2005 1830 4
2005 1830 4
2005 1830 4
2005 1830 4
2005 1830 4
2005 1830 5
2005 1830 4
2005 1830 4
2005 1830 3
2005 1830 4
2005 1830 3
2005 1830 1
2005 1830 4
2005 1830 4
2005 1830 4
2005 1830 1
2005 1830 2
2005 1830 3
2005 1830 2
2005 1830 3
2005 1830 4
2005 1830 2
2005 1830 1
2005 1830 5
2005 1830 4
2005 1830 2
2005 1830 3
2005 1830 4
2005 1830 4
2005 1830 5
2005 1830 5
2005 1830 4
2005 1830 3
2005 1830 5
2005 1830 1
2005 1830 2
2005 1830 4
2005 1830 4
2005 1830 4
2005 1830 2
2005 1830 1
2005 1830 1
2005 1830 4
2005 1830 2
2005 1830 4
2005 1830 3
2005 1830 2
2005 1830 4
2005 1830 4
2005 1830 4
2005 1830 4
2005 1830 4
2005 1830 4
2005 1830 5
2005 1830 3
2005 1830 2
2005 1830 3
2005 1830 2
2005 1830 1
2005 1830 3
2005 1830 1
2005 1830 4
2005 1830 3
2005 1830 4
2005 1830 2
2005 1830 2
2005 1830 3
2005 1830 1
2005 1830 4
2005 1830 3
2005 1830 4
2005 1830 1
2005 1830 1
2005 1830 3
2005 1830 5
2005 1830 5
2005 1830 1
2005 1830 4
2005 1830 5
2005 1830 4
2005 1830 2
2005 1830 3
2005 1830 4
2005 1830 3
2005 1830 1
2005 1830 3
2005 1830 1
2005 1830 4
2005 1830 2
2005 1830 5
2005 1830 1
2005 1830 2
2005 1830 4
2005 1830 2
2005 1830 2
2005 1830 2
2005 1830 4
2005 1830 3
2005 1830 3
2005 1830 5
2005 1830 3
2005 1830 4
2005 1830 5
2005 1830 4
2005 1830 3
2005 1830 3
2005 1830 3
2005 1830 3
2005 1830 4
2005 1830 4
2005 1830 5
2005 1830 2
2005 1830 3
2005 1830 1
2005 1830 4
2005 1830 3
2005 1830 1
2005 1830 1
2005 1830 4
2005 1830 5
2005 1830 5
2005 1830 1
2005 1830 2
2005 1830 1
2005 1830 3
2005 1830 3
2005 1830 4
2005 1830 5
2005 1830 2
2005 1830 3
2005 1830 1
2005 1830 3
2005 1830 1
2005 1830 4
2005 1830 5
2005 1830 3
2005 1830 1
2005 1830 4
2005 1830 3
2005 1830 2
2005 1830 5
2005 1830 2
2005 1830 5
2005 2122 2
2005 2122 1
2005 2122 4
2005 2122 5
2005 2122 3
2005 2122 3
2005 2122 4
2005 1929 5
2005 1929 4
2005 1929 3
2005 1929 5
2005 1929 4
2005 1929 4
2005 1929 4
2005 1929 5
2005 1929 3
2005 1929 1
2005 1872 4
2005 1872 2
2005 1872 4
2005 1872 4
2005 1872 2
2005 1872 3
2005 1872 4
2005 1872 4
2005 1872 3
2005 1872 2
2005 1872 3
2005 1872 2
2005 1872 4
2005 1872 4
2005 1872 3
2005 1872 3
2005 1872 3
2005 1872 2
2005 1872 4
2005 1872 4
2005 1872 5
2005 1872 2
2005 1872 3
2005 1872 3
2005 1872 4
2005 1872 4
2005 1872 5
2005 1872 4
2005 1872 3
2005 1872 2
2005 1872 1
2005 1872 2
2005 1872 5
2005 1872 3
2005 1872 2
2005 1872 2
2005 1872 4
2005 1872 4
2005 1872 4
2005 1872 3
2005 1872 1
2005 1872 4
2005 1872 5
2005 1872 4
2005 1872 4
2005 1872 4
2005 1872 2
2005 1872 4
2005 1872 4
2005 1872 2
2005 1872 5
2005 1872 4
2005 1872 4
2005 1872 1
2005 1872 3
2005 1872 1
2005 1872 2
2005 2002 4
2005 2002 1
2005 2002 4
2005 2002 3
2005 1811 4
2005 1811 2
2005 1811 3
2005 1811 3
2005 1811 3
2005 1811 3
2005 1811 4
2005 1811 2
2005 1811 4
2005 1811 5
2005 2013 5
2005 2013 4
2005 2013 4
2005 2013 4
2005 2013 5
2005 2013 4
2005 2013 3
2005 2013 4
2005 2013 3
2005 2013 5
2005 2013 4
2005 2013 5
2005 2013 2
2005 2013 4
2005 2013 4
2005 1906 4
2005 1906 3
2005 1906 5
2005 1823 5
2005 1823 5
2005 1823 5
2005 1823 5
2005 1919 3
2005 1919 4
2005 1919 4
2005 1919 4
2005 1919 5
2005 1919 1
2005 1919 1
2005 1919 4
2005 1919 4
2005 1952 3
2005 1952 2
2005 1952 1
2005 1952 1
2005 1952 3
2005 1952 4
2005 1952 3
2005 1952 3
2005 1952 1
2005 1952 1
2005 1952 4
2005 1952 4
2005 1952 2
2005 1952 4
2005 1952 5
2005 1952 1
2005 1952 1
2005 1952 4
2005 1952 3
2005 1952 3
2005 1952 4
2005 1952 1
2005 1952 3
2005 1952 1
2005 1952 3
2005 1952 4
2005 1952 3
2005 1952 3
2005 1952 3
2005 1952 3
2005 1952 4
2005 2145 1
2005 2145 2
2005 2145 3
2005 2145 1
2005 2145 1
2005 2145 4
2005 2145 3
2005 2145 3
2005 2145 1
2005 2145 3
2005 2145 4
2005 2145 4
2005 2145 3
2005 2145 2
2005 2145 4
2005 2145 4
2005 2145 3
2005 2145 2
2005 2145 4
2005 2145 4
2005 2145 1
2005 2145 2
2005 2145 4
2005 2145 3
2005 2145 2
2005 2145 3
2005 2145 1
2005 2145 2
2005 2145 4
2005 2145 3
2005 2145 2
2005 2145 3
2005 2145 4
2005 2145 3
2005 2145 5
2005 2145 3
2005 2145 3
2005 2145 1
2005 1962 5
2005 1962 5
2005 1962 3
2005 1962 4
2005 1962 2
2005 1962 4
2005 1962 4
2005 1962 4
2005 1962 4
2005 1962 5
2005 1962 1
2005 1962 5
2005 1962 4
2005 1962 3
2005 1962 5
2005 1962 1
2005 1962 4
2005 1962 5
2005 1962 5
2005 1962 3
2005 1962 3
2005 1962 4
2005 1962 3
2005 1962 5
2005 1962 3
2005 1962 5
2005 1962 4
2005 1962 4
2005 1962 5
2005 1962 4
2005 1962 1
2005 1962 2
2005 1962 2
2005 1962 5
2005 1962 1
2005 1923 4
2005 1923 4
2005 1923 4
2005 1932 5
2005 1932 5
2005 1932 5
