1795 1786 3
1795 1786 2
1795 1786 4
1795 1786 4
1795 1786 4
1795 1786 4
1795 1786 4
1795 1786 3
1795 1786 4
1795 1786 4
1795 1786 5
1795 1786 5
1795 1786 4
1795 1786 1
1795 1786 4
1795 1786 3
1795 1786 4
1795 1786 4
1795 1786 4
1795 1786 5
1795 1786 4
1795 1786 3
1795 1786 4
1795 1786 3
1795 1786 5
1795 1786 5
1795 1786 5
1795 1786 4
1795 1786 4
1795 1786 1
1795 1786 5
1795 1786 2
1795 1786 1
1795 1786 2
1795 1786 5
1795 1786 5
1795 1786 5
1795 1786 5
1795 1786 2
1795 1786 5
1795 1786 1
1795 1786 4
1795 1786 5
1795 1786 5
1795 1786 2
1795 1786 5
1795 1786 3
1795 1786 3
1795 1786 5
1795 1786 4
1795 1786 3
1795 1786 4
1795 1786 4
1795 1786 2
1795 1786 3
1795 1786 4
1795 1786 4
1795 1786 3
1795 1786 4
1795 1786 4
1795 1786 4
1795 1786 4
1795 1786 3
1795 1786 5
1795 1786 5
1795 1786 3
1795 1786 4
1795 1786 5
1795 1786 4
1795 1786 3
1795 1786 3
1795 1786 4
1795 1786 4
1795 1786 3
1795 1786 1
1795 1786 5
1795 1786 4
1795 1786 4
1795 1786 2
1795 1786 4
1795 1786 4
1795 1786 5
1795 1786 3
1795 1786 5
1795 1786 2
1795 1786 5
1795 1786 5
1795 1786 3
1795 1786 4
1795 1786 5
1795 1786 3
1795 1786 3
1795 1786 5
1795 1786 5
1795 1786 5
1795 1786 5
1795 1786 5
1795 1786 5
1795 1786 5
1795 1786 5
1795 1786 4
1795 1786 4
1795 1786 4
1795 1786 5
1795 1786 3
1795 1786 4
1795 1786 2
1795 1786 3
1795 1786 4
1795 1786 3
1795 1786 5
1795 1786 1
1795 1786 4
1795 1786 3
1795 1786 5
1795 1786 5
1795 1786 5
1795 1786 5
1795 1786 3
1795 1786 4
1795 1786 5
1795 1786 4
1795 1786 5
1795 1786 4
1795 1786 2
1795 1786 5
1795 1786 4
1795 1786 5
1795 1786 5
1795 1786 3
1795 1786 4
1795 1786 4
1795 1786 4
1795 1786 5
1795 1786 5
1795 1786 4
1795 1786 4
1795 1786 5
1795 1786 4
1795 1786 4
1795 1786 4
1795 1786 5
1795 1786 5
1795 1786 5
1795 1786 5
1795 1786 5
1795 1786 5
1795 1786 4
1795 1786 4
1795 1786 5
1795 1786 4
1795 1786 4
1795 1786 5
1795 1786 5
1795 1786 5
1795 1786 5
1795 1786 4
1795 1786 4
1795 1786 2
1795 1786 4
1795 1786 5
1795 1786 4
1795 1786 5
1795 1786 5
1795 1786 2
1795 1786 5
1795 1786 1
1795 1786 4
1795 1786 2
1795 1786 4
1795 1786 5
1795 1786 5
1795 1786 4
1795 1786 4
1795 1786 4
1795 1786 4
1795 1786 5
1795 1786 5
1795 1786 4
1795 1786 2
1795 1786 5
1795 1786 5
1795 1786 3
1795 1786 5
1795 1786 2
1795 1786 1
1795 1786 5
1795 1786 1
1795 1786 3
1795 1786 4
1795 1786 3
1795 1786 5
1795 1786 5
1795 1786 4
1795 1786 4
1795 1786 4
1795 1786 4
1795 1786 4
1795 1786 4
1795 1786 4
1795 1786 5
1795 1786 4
1795 1786 4
1795 1786 2
1795 1786 3
1795 1786 5
1795 1786 5
1795 1786 4
1795 1786 1
1795 1786 5
1795 1786 5
1795 1786 3
1795 1786 4
1795 1786 4
1795 1786 5
1795 1786 4
1795 1786 5
1795 1786 4
1795 1786 4
1795 1786 5
1795 1786 4
1795 1786 1
1795 1786 5
1795 1786 3
1795 1786 5
1795 1786 5
1795 1786 4
1795 1786 4
1795 1786 5
1795 1786 2
1795 1786 5
1795 1786 3
1795 1786 1
1795 1786 1
1795 1786 5
1795 1786 1
1795 1786 3
1795 1786 5
1795 1786 5
1795 1786 3
1795 1786 5
1795 1786 1
1795 1786 4
1795 1786 4
1795 1786 4
1795 1786 2
1795 1786 4
1795 1786 5
1795 1786 3
1795 1786 4
1795 1786 4
1795 1786 4
1795 1786 4
1795 1786 4
1795 1786 5
1795 1786 5
1795 1786 4
1795 1786 5
1795 1786 4
1795 1786 5
1795 1786 5
1795 1786 5
1795 1786 5
1795 1786 5
1795 1786 4
1795 1786 5
1795 1786 4
1795 1786 5
1795 1786 5
1795 1786 3
1795 1786 4
1795 1786 5
1795 1786 4
1795 1786 2
1795 1786 2
1795 1786 4
1795 1786 4
1795 1786 4
1795 1786 2
1795 1786 4
1795 1786 4
1795 1786 5
1795 1786 5
1795 1786 5
1795 1786 5
1795 1786 5
1795 1786 5
1795 1786 4
1795 1786 4
1795 1786 4
1795 1786 4
1795 1786 2
1795 1786 4
1795 1786 5
1795 1786 5
1795 1786 3
1795 1786 5
1795 1786 5
1795 1786 5
1795 1786 3
1795 1786 5
1795 1786 3
1795 1786 5
1795 1786 5
1795 1786 5
1795 1786 3
1795 1786 4
1795 1786 4
1795 1786 4
1795 1786 5
1795 1786 2
1795 1786 5
1795 1786 4
1795 1786 1
1795 1786 1
1795 1786 5
1795 1786 3
1795 1786 5
1795 1786 2
1795 1786 5
1795 1786 4
1795 1786 2
1795 1786 4
1795 1786 5
1795 1786 5
1795 1786 5
1795 1786 3
1795 1786 5
1795 1786 5
1795 1786 3
1795 1786 4
1795 1786 5
1795 1786 3
1795 1786 4
1795 1786 4
1795 1786 2
1795 1786 4
1795 1786 2
1795 1786 5
1795 1786 2
1795 1786 4
1795 1786 3
1795 1786 2
1795 1786 1
1795 1786 1
1795 1786 4
1795 1786 3
1795 1786 5
1795 1786 5
1795 1786 5
1795 1786 5
1795 1786 4
1795 1786 2
1795 1786 5
1795 1786 4
1795 1786 1
1795 1786 5
1795 1786 1
1795 1786 4
1795 1786 4
1795 1786 4
1795 1786 4
1795 1786 3
1795 1786 2
1795 1786 1
1795 1786 5
1795 1786 2
1795 1786 3
1795 1786 2
1795 1786 4
1795 1786 4
1795 1786 3
1795 1786 5
1795 1786 5
1795 1786 5
1795 1786 1
1795 1786 5
1795 1786 5
1795 1786 1
1795 1786 4
1795 1786 4
1795 1786 5
1795 1786 4
1795 1786 5
1795 1786 2
1795 1786 3
1795 1786 4
1795 1786 4
1795 1786 1
1795 1786 5
1795 1786 1
1795 1786 2
1795 1786 5
1795 1786 4
1795 1786 4
1795 1786 4
1795 1786 2
1795 1786 1
1795 1786 5
1795 1786 3
1795 1786 4
1795 1786 4
1795 1786 3
1795 1786 5
1795 1786 2
1795 1786 4
1795 1786 4
1795 1786 4
1795 1786 3
1795 1786 4
1795 1786 1
1795 1786 5
1795 1786 4
1795 1786 5
1795 1786 4
1795 1786 5
1795 1786 5
1795 2044 5
1795 2044 5
1795 2044 4
1795 2044 2
1795 2044 5
1795 2044 1
1795 2044 1
1795 2044 1
1795 1989 5
1795 1989 4
1795 1989 4
1795 1989 1
1795 1989 5
1795 1989 1
1795 1950 5
1795 1950 5
1795 1950 5
1795 1950 5
1795 1822 4
1795 1822 4
1795 1822 1
1795 1822 4
1795 1770 5
1795 1770 4
1795 1770 1
1795 1770 1
1795 1770 5
1795 1770 5
1795 1770 5
1795 1770 1
1795 1770 1
1795 1770 5
1795 1770 5
1795 1770 1
1795 1770 1
1795 1770 1
1795 1770 5
1795 1938 3
1795 1938 4
1795 1938 3
1795 1938 1
1795 1633 5
1795 1633 5
1795 1633 5
1795 1633 1
1795 1633 4
1795 1633 1
1795 1633 2
1795 1633 1
1795 1633 5
1795 1890 1
1795 1890 4
1795 1890 2
1795 1890 2
1795 1890 4
1795 1890 4
1795 1890 3
1795 1890 5
1795 1890 3
1795 1890 4
1795 1890 4
1795 1890 5
1795 1890 5
1795 1890 5
1795 1890 5
1795 1890 5
1795 1890 5
1795 1890 3
1795 1890 4
1795 1890 5
1795 1890 5
1795 1890 1
1795 1890 5
1795 1890 4
1795 1931 3
1795 1931 4
1795 1931 4
1795 1931 5
1795 1931 5
1795 1931 5
1795 1931 4
1795 2039 5
1795 2039 5
1795 2039 5
1795 2039 5
1795 2039 5
1795 2039 5
1795 2039 1
1795 2039 5
1795 2039 2
1795 2039 5
1795 2039 5
1795 2039 5
1795 2039 5
1795 1870 3
1795 1870 4
1795 1870 1
1795 1870 5
1795 1870 4
1795 1870 5
1795 1870 4
1795 1870 4
1795 1870 1
1795 1870 3
1795 1870 4
1795 1870 5
1795 1870 3
1795 1870 3
1795 1870 4
1795 1870 5
1795 1804 1
1795 1804 3
1795 1804 4
1795 1804 4
1795 1804 3
1795 1804 4
1795 1804 4
1795 1804 4
1795 1804 4
1795 1804 5
1795 1804 1
1795 1804 4
1795 1804 4
1795 1804 4
1795 1804 5
1795 1804 4
1795 1804 2
1795 1804 3
1795 1804 4
1795 1804 3
1795 1804 4
1795 1804 5
1795 1804 4
1795 1804 2
1795 1804 2
1795 1804 3
1795 1804 3
1795 1804 4
1795 1804 4
1795 1804 3
1795 1804 4
1795 1804 3
1795 1804 4
1795 1804 2
1795 1804 5
1795 1804 5
1795 1804 4
1795 1804 5
1795 1804 3
1795 1804 1
1795 1804 5
1795 1804 2
1795 1804 5
1795 1804 1
1795 1804 3
1795 1804 4
1795 1804 4
1795 1804 4
1795 1804 4
1795 1804 3
1795 1804 4
1795 1804 3
1795 1804 3
1795 1804 5
1795 1804 4
1795 1804 3
1795 1804 4
1795 1804 1
1795 1804 1
1795 1804 5
1795 1804 5
1795 1804 5
1795 1804 5
1795 1804 5
1795 1804 3
1795 1804 4
1795 1804 4
1795 1804 3
1795 1735 1
1795 1735 5
1795 1735 5
1795 1735 1
1795 1735 1
1795 1942 3
1795 1942 3
1795 1942 3
1795 1942 1
1795 1942 4
1795 1942 5
1795 1942 3
1795 1942 3
1795 1942 5
1795 1942 5
1795 1942 5
1795 1895 1
1795 1895 4
1795 1895 4
1795 1895 3
1795 1895 3
1795 1895 1
1795 1895 5
1795 1895 4
1795 1895 2
1795 1895 4
1795 1895 4
1795 1895 5
1795 1895 5
1795 1895 5
1795 1895 5
1795 1895 1
1795 1895 5
1795 1895 5
1795 1895 5
1795 1895 4
1795 1895 5
1795 1895 5
1795 1895 5
1795 1895 4
1795 1895 3
1795 1895 4
1795 1895 3
1795 1895 5
1795 1895 4
1795 1895 5
1795 1895 5
1795 1895 5
1795 1895 5
1795 1895 5
1795 1895 5
1795 1895 1
1795 1895 5
1795 1895 5
1795 1895 5
1795 1895 4
1795 1895 1
1795 1895 5
1795 1895 5
1795 1895 3
1795 1895 4
1795 1895 5
1795 1895 1
1795 1928 5
1795 1928 1
1795 1928 1
1795 1928 2
1795 1928 4
1795 1928 5
1795 1928 1
1795 1877 4
1795 1877 4
1795 1877 5
1795 1877 1
1795 1877 4
1795 1877 4
1795 1877 4
1795 1877 4
1795 1877 4
1795 1877 3
1795 1877 2
1795 1877 1
1795 1877 1
1795 1877 3
1795 1877 2
1795 1877 3
1795 1877 1
1795 1877 2
1795 1877 3
1795 1877 2
1795 1877 3
1795 1877 4
1795 1877 3
1795 1877 3
1795 1877 2
1795 1877 3
1795 1877 2
1795 1877 3
1795 1877 3
1795 1877 2
1795 1877 1
1795 1877 1
1795 1877 2
1795 1877 1
1795 1877 1
1795 1877 2
1795 1877 3
1795 1877 3
1795 1877 1
1795 1877 4
1795 1877 5
1795 1877 4
1795 1877 1
1795 1877 1
1795 1877 1
1795 1877 1
1795 1877 1
1795 1877 2
1795 1877 5
1795 1877 1
1795 1877 5
1795 1877 3
1795 1877 1
1795 1877 2
1795 1877 2
1795 1877 2
1795 1877 1
1795 1877 1
1795 1877 2
1795 1877 2
1795 1877 3
1795 1877 1
1795 1877 4
1795 1877 2
1795 1877 4
1795 1877 4
1795 1877 3
1795 1877 1
1795 1877 2
1795 1877 2
1795 1877 1
1795 1877 4
1795 1877 1
1795 1877 4
1795 1877 3
1795 1877 1
1795 1877 1
1795 1877 1
1795 1877 1
1795 1877 1
1795 1877 1
1795 1877 2
1795 1877 2
1795 1877 1
1795 1877 1
1795 1877 1
1795 1877 4
1795 1877 1
1795 1877 1
1795 1877 1
1795 1877 1
1795 1877 4
1795 1877 3
1795 1877 3
1795 1877 3
1795 1877 2
1795 1877 1
1795 1877 1
1795 1877 1
1795 1877 4
1795 1877 1
1795 1877 1
1795 1877 1
1795 1877 1
1795 1877 1
1795 1877 4
1795 1877 2
1795 1877 1
1795 1877 1
1795 1877 3
1795 1877 3
1795 1877 1
1795 1877 4
1795 1877 1
1795 1877 1
1795 1877 3
1795 1877 1
1795 1877 2
1795 1877 3
1795 1877 2
1795 1877 3
1795 1877 3
1795 1877 2
1795 1877 1
1795 1877 1
1795 1877 1
1795 1877 4
1795 1877 2
1795 1877 1
1795 1877 1
1795 1877 3
1795 1877 1
1795 1877 2
1795 1877 1
1795 1877 2
1795 1877 1
1795 1877 1
1795 1877 1
1795 1877 1
1795 1877 2
1795 1877 1
1795 1877 2
1795 1877 1
1795 1877 1
1795 1877 2
1795 1877 1
1795 1877 1
1795 1877 3
1795 1877 2
1795 1877 1
1795 1877 1
1795 1877 1
1795 1877 2
1795 1877 1
1795 1877 3
1795 1877 1
1795 1877 1
1795 1877 1
1795 1877 1
1795 1877 3
1795 1877 1
1795 1877 4
1795 1877 1
1795 1877 1
1795 1877 2
1795 1877 1
1795 1877 3
1795 1877 4
1795 1877 3
1795 1877 1
1795 1877 2
1795 1877 3
1795 1877 4
1795 1877 3
1795 1877 1
1795 1877 2
1795 1877 2
1795 1877 3
1795 1877 1
1795 1877 2
1795 1877 1
1795 1877 1
1795 1877 2
1795 1877 1
1795 1877 3
1795 1877 1
1795 1877 1
1795 1877 1
1795 1877 2
1795 1877 2
1795 1877 1
1795 1877 1
1795 1877 3
1795 1877 2
1795 1877 1
1795 1877 1
1795 1877 1
1795 1877 1
1795 1877 1
1795 1877 1
1795 1877 4
1795 1877 5
1795 1877 1
1795 1877 2
1795 1877 4
1795 1877 1
1795 1877 3
1795 1877 1
1795 1877 3
1795 1877 2
1795 1877 1
1795 1877 1
1795 1877 1
1795 1877 2
1795 1877 1
1795 1877 1
1795 1877 3
1795 1877 1
1795 1877 1
1795 1877 1
1795 1877 1
1795 1877 1
1795 1877 1
1795 1877 3
1795 1877 1
1795 1877 2
1795 1877 1
1795 1877 5
1795 1877 1
1795 1877 3
1795 1877 1
1795 1877 2
1795 1877 1
1795 1877 1
1795 1877 1
1795 1877 1
1795 1877 1
1795 1877 1
1795 1877 1
1795 1877 1
1795 1877 1
1795 1877 1
1795 1877 1
1795 1877 3
1795 1877 4
1795 1877 1
1795 1877 2
1795 1877 1
1795 1877 1
1795 1877 1
1795 1877 4
1795 1877 1
1795 1877 1
1795 1877 1
1795 1877 2
1795 1877 1
1795 1877 1
1795 1877 1
1795 1877 1
1795 1877 2
1795 1877 1
1795 1877 4
1795 1877 2
1795 1877 1
1795 1877 2
1795 1886 4
1795 1886 2
1795 1886 5
1795 1886 4
1795 1886 5
1795 1886 5
1795 1886 5
1795 1886 5
1795 1886 5
1795 1886 5
1795 1886 5
1795 1886 4
1795 1886 5
1795 1886 4
1795 1886 5
1795 1886 5
1795 1886 5
1795 1886 5
1795 1886 5
1795 1886 5
1795 1886 5
1795 1886 5
1795 1886 5
1795 1886 5
1795 1886 5
1795 1886 5
1795 1886 5
1795 1886 5
1795 1886 1
1795 1886 4
1795 1886 5
1795 1886 5
1795 1886 5
1795 1886 5
1795 1886 5
1795 1886 1
1795 1886 5
1795 1886 5
1795 1886 4
1795 1886 5
1795 1886 5
1795 1886 5
1795 1755 4
1795 1755 4
1795 1755 4
1795 1755 2
1795 1755 1
1795 1663 2
1795 1663 1
1795 1663 2
1795 1663 1
1795 1663 3
1795 1663 2
1795 1663 2
1795 1673 5
1795 1673 5
1795 1673 5
1795 1673 5
1795 1673 5
1795 1872 5
1795 1872 4
1795 1872 5
1795 1872 3
1795 1872 5
1795 1872 5
1795 1872 5
1795 1872 5
1795 1872 5
1795 1872 5
1795 1872 5
1795 1872 5
1795 1872 5
1795 1872 5
1795 1872 5
1795 1872 5
1795 1872 5
1795 1872 1
1795 1872 5
1795 1872 5
1795 1872 5
1795 1872 1
1795 1872 1
1795 1872 5
1795 1872 1
1795 1872 5
1795 1872 5
1795 1963 5
1795 1963 5
1795 1947 1
1795 1947 1
1795 1947 1
1795 1947 1
1795 1947 1
1795 1947 4
1795 1947 3
1795 1947 3
1795 1947 1
1795 1947 5
1795 1947 1
1795 1947 3
1795 1947 4
1795 1947 1
1795 1947 1
1795 1947 1
1795 1947 3
1795 1947 3
1795 1947 1
1795 1947 5
1795 1947 1
1795 1947 1
1795 1947 1
1795 1947 1
1795 1947 5
1795 1947 5
1795 1947 1
1795 1947 1
1795 1947 2
1795 1947 5
1795 1947 5
1795 1947 1
1795 1947 1
1795 1947 1
1795 1947 1
1795 1947 5
1795 1947 5
1795 1947 1
1795 1947 1
1795 1947 5
1795 1947 1
1795 1947 1
1795 1947 5
1795 1947 1
1795 1925 1
1795 1925 1
1795 1925 5
1795 1925 1
1795 1925 1
1795 1925 1
1795 1925 1
1795 1925 1
1795 1925 1
1795 1925 1
1795 1925 3
1795 1925 1
1795 1929 3
1795 1929 4
1795 1929 3
1795 1929 3
1795 1929 2
1795 1929 4
1795 1929 4
1795 1929 2
1795 1929 3
1795 1929 1
1795 1929 3
1795 1929 5
1795 1929 1
1795 1929 4
1795 1929 5
1795 1929 4
1795 1929 3
1795 1929 4
1795 1929 5
1795 1929 4
1795 1929 4
1795 1929 3
1795 1929 4
1795 1929 4
1795 1929 2
1795 1929 4
1795 1929 4
1795 1929 4
1795 1929 3
1795 1929 1
1795 1929 1
1795 1929 3
1795 1929 4
1795 1929 3
1795 1929 2
1795 1929 2
1795 1929 1
1795 1929 1
1795 1929 4
1795 1929 3
1795 1929 4
1795 1929 2
1795 1929 4
1795 1929 4
1795 1929 4
1795 1929 1
1795 1929 2
1795 1929 2
1795 1929 2
1795 1929 2
1795 1929 3
1795 1929 2
1795 1929 5
1795 1929 5
1795 1929 5
1795 1929 4
1795 1929 4
1795 1929 3
1795 1929 5
1795 1929 1
1795 1929 2
1795 1929 2
1795 1929 5
1795 1929 4
1795 1929 2
1795 1929 3
1795 1929 4
1795 1929 3
1795 1929 5
1795 1929 5
1795 1929 1
1795 1929 5
1795 1929 1
1795 1929 4
1795 1929 5
1795 1929 4
1795 1929 1
1795 1929 3
1795 1929 4
1795 1929 3
1795 1929 4
1795 1929 1
1795 1929 4
1795 1929 5
1795 1929 1
1795 1929 3
1795 1929 2
1795 1929 4
1795 1929 5
1795 1929 4
1795 1929 4
1795 1929 1
1795 1929 5
1795 1929 4
1795 1929 1
1795 1929 3
1795 1929 5
1795 1929 3
1795 1929 4
1795 1929 4
1795 1929 5
1795 1929 3
1795 1929 4
1795 1929 1
1795 1929 1
1795 1929 1
1795 1929 1
1795 1929 4
1795 1929 4
1795 1929 4
1795 1929 1
1795 1929 2
1795 1929 4
1795 1929 3
1795 1929 4
1795 1929 4
1795 1929 3
1795 1929 3
1795 1929 4
1795 1929 4
1795 1929 4
1795 1929 2
1795 1929 4
1795 1929 4
1795 1929 5
1795 1929 3
1795 1929 5
1795 1929 1
1795 1929 3
1795 1929 4
1795 1929 5
1795 1929 1
1795 1929 2
1795 1929 5
1795 1898 5
1795 1898 5
1795 1898 5
1795 1898 5
1795 2021 4
1795 2021 4
1795 2021 3
1795 2021 3
1795 2021 3
1795 2021 3
1795 2021 4
1795 2021 2
1795 2021 4
1795 2021 4
1795 2021 4
1795 2021 4
1795 2021 1
1795 2021 4
1795 2021 3
1795 2021 4
1795 2021 1
1795 2021 1
1795 2021 3
1795 2021 1
1795 2021 1
1795 2021 2
1795 2021 1
1795 2021 1
1795 2021 3
1795 2021 2
1795 2021 2
1795 2021 1
1795 2021 1
1795 2021 1
1795 2021 1
1795 2021 1
1795 2021 1
1795 2021 1
1795 2021 4
1795 2021 1
1795 2021 4
1795 2007 4
1795 2007 5
1795 2007 5
1795 1879 5
1795 1879 5
1795 1879 5
1795 1879 2
1795 1879 5
1795 1879 4
1795 1879 4
1795 1879 4
1795 1879 5
1795 1879 3
1795 1879 4
1795 1879 4
1795 1879 4
1795 1879 5
1795 1879 5
1795 1879 5
1795 1879 5
1795 1879 5
1795 1879 2
1795 1879 4
1795 1879 5
1795 1879 3
1795 1879 5
1795 1879 4
1795 1879 4
1795 1879 5
1795 1879 5
1795 1879 5
1795 1879 4
1795 1879 2
1795 1879 5
1795 1879 4
1795 1879 4
1795 1879 5
1795 1879 5
1795 1879 5
1795 1879 1
1795 1879 1
1795 1879 5
1795 1879 5
1795 1879 4
1795 1879 5
1795 1879 5
1795 1879 4
1795 1879 4
1795 1879 5
1795 1879 3
1795 1879 4
1795 1879 3
1795 1879 5
1795 1879 5
1795 1879 4
1795 1879 4
1795 1879 5
1795 1879 3
1795 1879 5
1795 1879 4
1795 1879 3
1795 1879 5
1795 1879 2
1795 1879 5
1795 1879 4
1795 1879 5
1795 1879 4
1795 1879 1
1795 1879 4
1795 1879 5
1795 1879 4
1795 1879 4
1795 1879 5
1795 1879 5
1795 1879 1
1795 1879 4
1795 1879 1
1795 1879 3
1795 1879 5
1795 1879 5
1795 1879 4
1795 1879 5
1795 1879 4
1795 1879 3
1795 1879 2
1795 1879 5
1795 1879 1
1795 1879 1
1795 1879 4
1795 1879 4
1795 1879 2
1795 1879 2
1795 1879 4
1795 1879 4
1795 1879 2
1795 1879 2
1795 1879 3
1795 1879 5
1795 1879 1
1795 1879 4
1795 1879 1
1795 1879 1
1795 1879 3
1795 1879 2
1795 1879 4
1795 1879 3
1795 1879 4
1795 1879 4
1795 1879 5
1795 1879 5
1795 1879 4
1795 1879 4
1795 1879 5
1795 1879 1
1795 1879 5
1795 1879 5
1795 1879 1
1795 1879 1
1795 1879 5
1795 1879 4
1795 1879 3
1795 1879 5
1795 1879 5
1795 1879 3
1795 1879 4
1795 1879 1
1795 1879 5
1795 1879 1
1795 1879 5
1795 1879 3
1795 1879 5
1795 1879 2
1795 1879 3
1795 1879 1
1795 1879 5
1795 1879 4
1795 1879 2
1795 1879 4
1795 1879 4
1795 1879 4
1795 1879 3
1795 1879 2
1795 1879 5
1795 1879 5
1795 1879 5
1795 1879 5
1795 1879 4
1795 1879 5
1795 1879 1
1795 1879 5
1795 1879 1
1795 1879 5
1795 1879 4
1795 1879 1
1795 1879 5
1795 1879 3
1795 1879 4
1795 1879 4
1795 1879 2
1795 1879 5
1795 1879 5
1795 1879 2
1795 1879 5
1795 1879 1
1795 1879 2
1795 1879 4
1795 1879 5
1795 1879 2
1795 1879 2
1795 1879 1
1795 1879 5
1795 1879 2
1795 1879 3
1795 1879 3
1795 1879 2
1795 1879 5
1795 1879 4
1795 1879 5
1795 1879 4
1795 1879 4
1795 1879 1
1795 1879 1
1795 1879 4
1795 1879 1
1795 1879 3
1795 1879 4
1795 1879 5
1795 1879 4
1795 1879 1
1795 1879 4
1795 1879 4
1795 1879 5
1795 1879 5
1795 1879 5
1795 1879 4
1795 1879 2
1795 1879 2
1795 1879 4
1795 1879 2
1795 1879 5
1795 1879 4
1795 1879 3
1795 1879 5
1795 1879 5
1795 1879 5
1795 1879 5
1795 1879 1
1795 1879 3
1795 1879 5
1795 1879 5
1795 1879 2
1795 1879 5
1795 1879 4
1795 1879 4
1795 1879 5
1795 1879 4
1795 1879 4
1795 1879 3
1795 1879 5
1795 1879 3
1795 1879 4
1795 1879 5
1795 1879 4
1795 1879 5
1795 1879 1
1795 1879 5
1795 1879 3
1795 1879 5
1795 1879 2
1795 1879 2
1795 1879 4
1795 1879 4
1795 1879 4
1795 1879 5
1795 1879 2
1795 1879 3
1795 1879 2
1795 1879 3
1795 1879 5
1795 1879 2
1795 1879 5
1795 1879 5
1795 1879 3
1795 1879 2
1795 1879 5
1795 1879 2
1795 1879 4
1795 1879 5
1795 1879 2
1795 1879 5
1795 1879 2
1795 1879 2
1795 1879 4
1795 1879 5
1795 1879 5
1795 1879 5
1795 1879 5
1795 1879 5
1795 1879 1
1795 1879 5
1795 1879 2
1795 1879 3
1795 1879 4
1795 1879 5
1795 1879 5
1795 1879 5
1795 1879 5
1795 1879 5
1795 1879 5
1795 1879 2
1795 1879 3
1795 1879 5
1795 1879 5
1795 1879 5
1795 1879 4
1795 1879 1
1795 1879 4
1795 1879 5
1795 1879 5
1795 1879 4
1795 1879 5
1795 1879 5
1795 1879 5
1795 1879 3
1795 1879 5
1795 1879 5
1795 1879 5
1795 1844 5
1795 1844 5
1795 1844 5
1795 1844 5
1795 1844 5
1795 1844 5
1795 1844 4
1795 1844 5
1795 1844 5
1795 1844 5
1795 1844 5
1795 1844 5
1795 1844 5
1795 1844 5
1795 1844 5
1795 1844 5
1795 1844 5
1795 1844 1
1795 1844 5
1795 1923 4
1795 1923 4
1795 1923 3
1795 1923 4
1795 1923 2
1795 1923 1
1795 1923 5
1795 1923 5
1795 1923 1
1795 1923 4
1795 1923 3
1795 1923 5
1795 1923 1
1795 1923 1
1795 1923 3
1795 2047 1
1795 2047 4
1795 2047 3
1795 1879 4
1795 1879 5
1795 1879 4
1795 1879 1
1795 1879 3
1795 1879 1
1795 1879 1
1795 1879 5
1795 1879 5
1795 1879 5
1795 1879 1
1795 1879 5
1795 1840 5
1795 1840 5
1795 1840 5
1795 1840 4
1795 1840 4
1795 1840 5
1795 1840 4
1795 1840 4
1795 1840 5
1795 1840 4
1795 1840 4
1795 1840 4
1795 1840 5
1795 1840 4
1795 1840 3
1795 1840 5
1795 1840 4
1795 1840 5
1795 1840 3
1795 1840 5
1795 1840 2
1795 1840 5
1795 1840 2
1795 1840 4
1795 1840 4
1795 1840 4
1795 1840 4
1795 1840 4
1795 1840 5
1795 1840 4
1795 1840 2
1795 1840 4
1795 1840 5
1795 1840 5
1795 1840 4
1795 1840 4
1795 1840 4
1795 1840 5
1795 1840 4
1795 1840 3
1795 1840 5
1795 1840 5
1795 1840 4
1795 1840 5
1795 1840 5
1795 1840 5
1795 1840 4
1795 1840 5
1795 1840 4
1795 1840 5
1795 1840 5
1795 1840 4
1795 1840 4
1795 1840 5
1795 1840 4
1795 1840 3
1795 1840 5
1795 1840 3
1795 1840 4
1795 1840 5
1795 1840 5
1795 1840 2
1795 1840 3
1795 1840 1
1795 1840 5
1795 1840 4
1795 1840 4
1795 1840 4
1795 1840 5
1795 1840 5
1795 1840 4
1795 1840 4
1795 1840 4
1795 1840 4
1795 1840 4
1795 1840 4
1795 1840 4
1795 1840 5
1795 1840 4
1795 1840 5
1795 1840 4
1795 1840 5
1795 1840 4
1795 1840 4
1795 1840 1
1795 1840 5
1795 1840 4
1795 1840 4
1795 1840 5
1795 1840 4
1795 1840 5
1795 1840 4
1795 1840 4
1795 1840 4
1795 1840 4
1795 1840 3
1795 1840 5
1795 1840 5
1795 1840 5
1795 1840 5
1795 1840 4
1795 1840 2
1795 1840 5
1795 1840 5
1795 1840 1
1795 1840 5
1795 1840 4
1795 1840 2
1795 1840 5
1795 1840 4
1795 1840 5
1795 1840 5
1795 1840 4
1795 1840 4
1795 1840 1
1795 1840 1
1795 1840 4
1795 1840 4
1795 1840 4
1795 1840 4
1795 1840 5
1795 1840 4
1795 1840 4
1795 1840 4
1795 1840 1
1795 1840 4
1795 1840 4
1795 1840 5
1795 1840 5
1795 1840 5
1795 1840 5
1795 1840 4
1795 1840 2
1795 1840 5
1795 1840 4
1795 1840 4
1795 1840 5
1795 1840 5
1795 1840 4
1795 1840 4
1795 1840 5
1795 1840 3
1795 1840 5
1795 1840 5
1795 1840 4
1795 1840 3
1795 1840 4
1795 1840 3
1795 1840 1
1795 1840 4
1795 1840 4
1795 1840 5
1795 1840 5
1795 1840 4
1795 1840 5
1795 1840 5
1795 1840 4
1795 1840 5
1795 1840 3
1795 1840 5
1795 1840 4
1795 1840 3
1795 1840 5
1795 1840 5
1795 1840 5
1795 1840 1
1795 1840 2
1795 1840 5
1795 1840 4
1795 1840 4
1795 1840 5
1795 1840 4
1795 1840 1
1795 1840 1
1795 1840 4
1795 1840 5
1795 1840 5
1795 1840 4
1795 1840 1
1795 1840 5
1795 1840 5
1795 1840 4
1795 1840 5
1795 1840 5
1795 1840 4
1795 1840 4
1795 1840 4
1795 1840 5
1795 1840 5
1795 1840 4
1795 1840 5
1795 1840 4
1795 1840 5
1795 1840 5
1795 1840 4
1795 1840 1
1795 1840 1
1795 1840 4
1795 1840 5
1795 1840 4
1795 1840 5
1795 1840 4
1795 1840 3
1795 1840 3
1795 1840 4
1795 1840 5
1795 1840 3
1795 1840 2
1795 1840 5
1795 1840 4
1795 1840 5
1795 1840 4
1795 1840 4
1795 1840 4
1795 1840 5
1795 1840 5
1795 1840 4
1795 1840 4
1795 1840 4
1795 1840 5
1795 1840 2
1795 1840 4
1795 1840 5
1795 1840 5
1795 1840 5
1795 1840 4
1795 1840 5
1795 1840 4
1795 1840 4
1795 1840 3
1795 1840 4
1795 1840 4
1795 1840 4
1795 1840 5
1795 1840 4
1795 1840 4
1795 1840 5
1795 1840 4
1795 1840 5
1795 1840 5
1795 1840 5
1795 1840 4
1795 1840 5
1795 1840 5
1795 1840 5
1795 1840 4
1795 1840 5
1795 1840 4
1795 1840 4
1795 1840 3
1795 1840 4
1795 1840 4
1795 1840 5
1795 1840 5
1795 1840 5
1795 1840 5
1795 1840 5
1795 1840 3
1795 1840 5
1795 1840 5
1795 1840 5
1795 1840 4
1795 1840 4
1795 1840 4
1795 1840 3
1795 1840 4
1795 1840 3
1795 1840 4
1795 1840 5
1795 1840 5
1795 1840 5
1795 1840 1
1795 1840 2
1795 1840 5
1795 1840 4
1795 1840 2
1795 1840 5
1795 1840 5
1795 1840 4
1795 1840 3
1795 1840 5
1795 1840 5
1795 1840 4
1795 1840 5
1795 1840 5
1795 1840 4
1795 1840 5
1795 1840 5
1795 1840 2
1795 1840 5
1795 1840 4
1795 1840 4
1795 1840 4
1795 1840 4
1795 1840 4
1795 1840 5
1795 1840 5
1795 1840 5
1795 1840 5
1795 1840 5
1795 1840 5
1795 1840 3
1795 1840 4
1795 1840 5
1795 1840 4
1795 1840 5
1795 1840 5
1795 1840 5
1795 1840 4
1795 1840 5
1795 1840 5
1795 1840 4
1795 1840 5
1795 1840 5
1795 1840 4
1795 1840 4
1795 1840 5
1795 1840 5
1795 1840 5
1795 1840 4
1795 1840 4
1795 1840 5
1795 1840 4
1795 1840 1
1795 1840 4
1795 1840 4
1795 1840 5
1795 1840 5
1795 1840 5
1795 1840 5
1795 1840 5
1795 1840 5
1795 1840 5
1795 1840 5
1795 1840 4
1795 1840 4
1795 1840 4
1795 1840 5
1795 1840 4
1795 1840 4
1795 1840 5
1795 1840 4
1795 1840 5
1795 1840 5
1795 1840 5
1795 1840 4
1795 1840 5
1795 1840 5
1795 1840 3
1795 1840 2
1795 1840 5
1795 1840 5
1795 1840 5
1795 1840 5
1795 1840 5
1795 1840 4
1795 1840 2
1795 1840 5
1795 1840 5
1795 1840 5
1795 1840 5
1795 1840 4
1795 1840 5
1795 1840 5
1795 1840 5
1795 1840 4
1795 1840 1
1795 1840 2
1795 1840 5
1795 1840 3
1795 1840 5
1795 1840 5
1795 1840 3
1795 1840 4
1795 1840 5
1795 1840 5
1795 1840 5
1795 1840 4
1795 1840 4
1795 1840 3
1795 1840 5
1795 1840 5
1795 1840 4
1795 1840 5
1795 1840 2
1795 1840 4
1795 1840 5
1795 1840 3
1795 1840 5
1795 1848 1
1795 1848 3
1795 1848 3
1795 1848 4
1795 1848 4
1795 1848 4
1795 1848 4
1795 1848 4
1795 1848 5
1795 1848 5
1795 1848 4
1795 1848 4
1795 1848 4
1795 1848 3
1795 1848 2
1795 1848 3
1795 1848 2
1795 2025 3
1795 2025 1
1795 2025 1
1795 2025 2
1795 2025 3
1795 2025 5
1795 2025 2
1795 2025 4
1795 2025 1
1795 2025 1
1795 2025 1
1795 2025 4
1795 2025 1
1795 2023 4
1795 2023 5
1795 2023 4
1795 2023 2
1795 2023 3
1795 2023 2
1795 2023 2
1795 2023 4
1795 2023 5
1795 2023 2
1795 2023 5
1795 1836 5
1795 1836 5
1795 1836 5
1795 1836 1
1795 1836 5
1795 1836 5
1795 1836 1
1795 1836 5
1795 1783 5
1795 1783 5
1795 1783 1
1795 1783 5
1795 1783 1
1795 1783 1
1795 1783 1
1795 1783 5
1795 1783 1
1795 1833 5
1795 1833 4
1795 1833 5
1795 1833 5
1795 1833 5
1795 1833 4
1795 1833 2
1795 1833 3
1795 1833 1
1795 1833 3
1795 1833 5
1795 1833 1
1795 1833 5
1795 1833 5
1795 1833 5
1795 1833 1
1795 1833 5
1795 1908 5
1795 1908 4
1795 1908 4
1795 1908 5
1795 1908 5
1795 1908 5
1795 1908 5
1795 1908 4
1795 1908 5
1795 1908 5
1795 1908 5
1795 1908 5
1795 1908 5
1795 1908 5
1795 1908 4
1795 1908 4
1795 1908 5
1795 1908 5
1795 1908 5
1795 1908 5
1795 1908 4
1795 1908 5
1795 1908 4
1795 1908 5
1795 1908 1
1795 1908 5
1795 1908 5
1795 1908 5
1795 1908 5
1795 1908 4
1795 1908 5
1795 1908 5
1795 1908 4
1795 1908 4
1795 1908 5
1795 1908 5
1795 1908 3
1795 1908 3
1795 1908 5
1795 1908 5
1795 1908 5
1795 1908 4
1795 1908 3
1795 1908 5
1795 1908 5
1795 1908 5
1795 1908 5
1795 1908 4
1795 1908 5
1795 1908 5
1795 1908 5
1795 1908 4
1795 1908 5
1795 1908 5
1795 1908 5
1795 1908 5
1795 1908 4
1795 1908 5
1795 1908 5
1795 1908 5
1795 1908 4
1795 1908 4
1795 1908 4
1795 1908 5
1795 1908 5
1795 1908 5
1795 1908 5
1795 1906 5
1795 1906 5
1795 1906 4
1795 1906 3
1795 1906 2
1795 1906 4
1795 1906 5
1795 1906 4
1795 1906 4
1795 1906 4
1795 1906 4
1795 1906 5
1795 1906 4
1795 1906 4
1795 1906 2
1795 1906 5
1795 1906 5
1795 1906 4
1795 1906 5
1795 1906 4
1795 1906 3
1795 1906 5
1795 1906 5
1795 1906 5
1795 1906 4
1795 1906 5
1795 1906 5
