1677 1710 4
1677 1710 2
1677 1710 4
1677 1710 3
1677 1710 4
1677 1710 4
1677 1710 4
1677 1710 4
1677 1710 4
1677 1710 3
1677 1710 5
1677 1710 3
1677 1710 3
1677 1710 5
1677 1710 4
1677 1710 4
1677 1710 4
1677 1710 5
1677 1710 4
1677 1710 4
1677 1710 4
1677 1710 1
1677 1710 1
1677 1710 5
1677 1710 3
1677 1710 5
1677 1871 5
1677 1871 1
1677 1871 5
1677 1871 3
1677 1871 5
1677 1871 3
1677 1871 5
1677 1871 4
1677 1871 4
1677 1871 5
1677 1871 5
1677 1871 4
1677 1871 4
1677 1871 3
1677 1871 3
1677 1884 3
1677 1884 4
1677 1884 3
1677 1884 4
1677 1884 4
1677 1884 5
1677 1884 2
1677 1987 3
1677 1987 4
1677 1987 4
1677 1987 4
1677 1987 2
1677 1987 5
1677 1972 4
1677 1972 4
1677 1972 3
1677 1972 3
1677 1972 3
1677 1972 3
1677 1972 3
1677 1972 3
1677 1972 2
1677 1972 4
1677 1972 5
1677 1972 3
1677 1972 4
1677 1972 3
1677 1972 4
1677 1972 4
1677 1972 3
1677 1972 4
1677 1972 4
1677 1972 4
1677 1972 5
1677 1972 5
1677 1972 4
1677 1972 3
1677 1972 5
1677 1972 2
1677 1972 3
1677 1972 5
1677 1972 4
1677 1972 4
1677 1972 4
1677 1972 4
1677 1972 4
1677 1972 4
1677 1972 5
1677 1972 4
1677 1972 5
1677 1972 4
1677 1972 3
1677 1972 3
1677 1972 4
1677 1972 5
1677 1972 1
1677 1972 5
1677 1972 4
1677 1972 4
1677 1972 1
1677 1972 2
1677 1972 4
1677 1972 2
1677 1972 5
1677 1972 1
1677 1972 3
1677 1868 4
1677 1868 4
1677 1868 3
1677 1868 4
1677 1868 3
1677 1868 3
1677 1868 3
1677 1772 3
1677 1772 5
1677 1772 5
1677 1772 1
1677 1893 5
1677 1893 5
1677 1893 5
1677 2111 5
1677 2111 4
1677 2111 5
1677 2111 4
1677 2111 5
1677 2111 5
1677 2111 3
1677 2111 4
1677 2111 4
1677 2111 5
1677 2111 4
1677 2111 4
1677 2111 4
1677 2111 4
1677 2111 5
1677 2111 5
1677 2111 2
1677 2111 5
1677 2111 5
1677 2111 5
1677 2111 4
1677 2111 5
1677 2161 3
1677 2161 4
1677 2161 4
1677 2161 3
1677 2161 2
1677 2161 5
1677 2161 3
1677 2161 2
1677 2161 5
1677 2161 1
1677 2161 2
1677 2161 4
1677 2161 4
1677 2161 2
1677 2161 2
1677 2161 2
1677 2161 1
1677 1840 2
1677 1840 4
1677 1840 2
1677 1840 2
1677 1840 2
1677 1840 3
1677 1840 3
1677 1840 4
1677 1840 3
1677 1840 4
1677 1840 1
1677 1840 4
1677 1840 4
1677 1840 3
1677 1719 4
1677 1719 2
1677 1719 2
1677 1719 4
1677 1719 5
1677 1719 4
1677 1719 3
1677 1719 5
1677 1719 4
1677 1719 2
1677 1719 2
1677 1719 4
1677 1719 2
1677 1719 3
1677 1719 4
1677 1719 5
1677 1719 3
1677 1719 4
1677 1719 3
1677 1719 3
1677 1719 3
1677 1719 2
1677 1719 3
1677 1719 5
1677 1719 4
1677 1719 4
1677 1719 4
1677 1719 3
1677 1719 5
1677 1719 4
1677 1719 2
1677 1719 2
1677 1719 3
1677 1719 3
1677 1719 4
1677 1719 4
1677 1719 4
1677 1719 1
1677 1719 3
1677 1719 2
1677 1719 4
1677 1740 3
1677 1740 5
1677 1740 4
1677 1740 3
1677 1740 5
1677 1740 2
1677 1852 1
1677 1852 3
1677 1852 1
1677 1852 3
1677 1852 1
1677 1852 3
1677 1852 1
1677 1852 1
1677 1852 1
1677 1906 2
1677 1906 2
1677 1906 2
1677 1906 2
1677 1906 3
1677 1906 3
1677 1906 3
1677 1798 3
1677 1798 1
1677 1798 3
1677 1798 3
1677 1798 4
1677 1798 4
1677 1798 2
1677 1798 4
1677 1798 4
1677 1798 4
1677 1798 3
1677 1798 5
1677 1798 4
1677 1798 4
1677 1798 4
1677 1798 2
1677 1798 4
1677 1798 4
1677 1798 1
1677 1798 4
1677 1798 3
1677 1798 2
1677 1798 4
1677 1798 2
1677 1798 4
1677 1798 4
1677 1798 3
1677 1798 2
1677 1798 4
1677 1798 3
1677 1798 1
1677 1798 3
1677 1798 2
1677 1798 3
1677 1798 3
1677 1798 4
1677 1798 2
1677 1798 2
1677 1798 2
1677 1798 3
1677 1798 4
1677 1798 3
1677 1798 4
1677 1798 2
1677 1798 2
1677 1798 5
1677 1798 4
