1840 1934 4
1840 1934 4
1840 1934 3
1840 1934 3
1840 1934 4
1840 1934 2
1840 1934 3
1840 1934 4
1840 1934 4
1840 1934 5
1840 1934 3
1840 1934 4
1840 1934 3
1840 1934 4
1840 1934 5
1840 1934 4
1840 1934 5
1840 1934 5
1840 1934 5
1840 1934 4
1840 1934 4
1840 1934 5
1840 1753 5
1840 1753 4
1840 1753 1
1840 1753 4
1840 1753 3
1840 1753 1
1840 1753 4
1840 1874 4
1840 1874 1
1840 1874 2
1840 1874 3
1840 1874 4
1840 1874 1
1840 1874 5
1840 1933 1
1840 1933 2
1840 1933 2
1840 1933 4
1840 1933 1
1840 1972 4
1840 1972 4
1840 1972 2
1840 1972 5
1840 1972 1
1840 1972 5
1840 1972 5
1840 1972 4
1840 1972 5
1840 1972 1
1840 1972 5
1840 1972 5
1840 1972 5
1840 1972 5
1840 1895 4
1840 1895 5
1840 1895 5
1840 1895 5
1840 1895 1
1840 1895 4
1840 1895 5
1840 1895 1
1840 1895 4
1840 1895 1
1840 1895 4
1840 1895 1
1840 2042 2
1840 2042 5
1840 2042 4
1840 2042 2
1840 2042 4
1840 2042 5
1840 2042 4
1840 2042 3
1840 2042 2
1840 2042 1
1840 2042 4
1840 2042 3
1840 2042 2
1840 1914 5
1840 1914 5
1840 1914 4
1840 1717 4
1840 1717 2
1840 1717 3
1840 1717 1
1840 1717 4
1840 1717 1
1840 1717 4
1840 1717 4
1840 2067 5
1840 2067 5
1840 1823 1
1840 1823 1
1840 1823 5
1840 1736 1
1840 1736 1
1840 1736 4
1840 1736 4
1840 1736 4
1840 1736 1
1840 1736 1
1840 1736 5
1840 1736 5
1840 1606 1
1840 1606 5
1840 1606 2
1840 1606 3
1840 1838 5
1840 1838 5
1840 1838 5
1840 1838 5
1840 1838 5
1840 1838 5
1840 1838 5
1840 1838 5
1840 1838 5
1840 1838 5
1840 1838 5
1840 1838 1
1840 1838 1
1840 1838 5
1840 1838 5
1840 1838 1
1840 1838 1
1840 1838 5
1840 1838 5
1840 1838 5
1840 1838 5
1840 1838 4
1840 1771 4
1840 1771 1
1840 1771 5
1840 2000 1
1840 2000 1
1840 2000 4
1840 2000 2
1840 2000 1
1840 1850 3
1840 1850 1
1840 1850 1
1840 2054 1
1840 2054 1
1840 2054 1
1840 2054 1
1840 1984 4
1840 1984 4
1840 1984 5
1840 1984 4
1840 1984 5
1840 1984 2
1840 1984 5
1840 1984 5
1840 1984 4
1840 1984 5
1840 1855 5
1840 1855 5
1840 1855 5
1840 1855 5
1840 1855 5
1840 1855 5
1840 1855 5
1840 1855 5
1840 1855 5
1840 1855 5
1840 1855 5
1840 1855 5
1840 1855 5
1840 1930 3
1840 1930 3
1840 1930 3
1840 1930 3
1840 1930 3
1840 1930 1
1840 1930 1
1840 1930 3
1840 1930 4
1840 1930 4
1840 2085 3
1840 2085 4
1840 2085 4
1840 2085 5
1840 1928 5
1840 1928 5
1840 1928 4
1840 1739 4
1840 1739 5
1840 1739 2
1840 1963 5
1840 1963 4
1840 1963 4
1840 1963 4
1840 1963 4
1840 1963 4
1840 2054 4
1840 2054 1
1840 2054 1
1840 2054 1
1840 2054 5
1840 2054 1
1840 2054 5
1840 2054 5
1840 2054 4
1840 2054 3
1840 2054 3
1840 2054 3
1840 2040 3
1840 2040 5
1840 2040 5
1840 2040 5
1840 2040 5
1840 1895 5
1840 1895 5
1840 1895 1
1840 1895 5
1840 1895 1
1840 1895 4
1840 1895 1
1840 1895 5
1840 1895 4
1840 1895 4
1840 1895 5
1840 1895 1
1840 1895 4
1840 1895 5
1840 1895 5
1840 1895 4
1840 1895 4
1840 1895 4
1840 1895 5
1840 1895 3
1840 1895 1
1840 1895 4
1840 1895 5
1840 1895 3
1840 1895 4
1840 1895 5
1840 1895 1
1840 1895 5
1840 1895 1
1840 1895 5
1840 1895 4
1840 1895 5
1840 1921 5
1840 1921 3
1840 1762 3
1840 1762 2
1840 1762 5
1840 1762 4
1840 1762 5
1840 1762 3
1840 1762 4
1840 1762 1
1840 1762 3
1840 1762 3
1840 1762 4
1840 1762 1
1840 1762 2
1840 1762 2
1840 1762 2
1840 1999 4
1840 1999 4
1840 1999 1
1840 1999 5
1840 1999 1
1840 1999 1
1840 1999 1
1840 2044 3
1840 2044 4
1840 2044 2
1840 2044 5
1840 2044 1
1840 2044 4
1840 2044 2
1840 2044 1
1840 2044 1
1840 2044 4
1840 1897 3
1840 1897 4
1840 1897 2
1840 1897 1
1840 1933 2
1840 1933 4
1840 1933 4
1840 1933 5
1840 1933 4
1840 1933 5
1840 1933 5
1840 1933 5
1840 1933 4
1840 1933 5
1840 1933 2
1840 1933 4
1840 1933 5
1840 1933 5
1840 1910 3
1840 1910 2
1840 1910 1
1840 2066 3
1840 2066 4
1840 2066 5
1840 2066 2
1840 2066 4
1840 2066 4
1840 2066 1
1840 2066 1
1840 2066 4
1840 2066 4
1840 2066 4
1840 2066 5
1840 2066 4
1840 2066 2
1840 2066 4
1840 2066 1
1840 2066 4
1840 2066 5
1840 2066 3
1840 2066 4
1840 2066 5
1840 2066 4
1840 2066 3
1840 2066 4
1840 2066 2
1840 2066 4
1840 2066 4
1840 2066 1
1840 2066 5
1840 2066 4
1840 2066 3
1840 2066 4
1840 2066 4
1840 2066 4
1840 2066 4
1840 2066 5
1840 2066 2
1840 2066 3
1840 2066 3
1840 2066 4
1840 2066 4
1840 2066 5
1840 2066 3
1840 2066 4
1840 2066 3
1840 2066 2
1840 2066 5
1840 2066 4
1840 2066 4
1840 2066 5
1840 2066 1
1840 2066 4
1840 2066 2
1840 2066 4
1840 2066 4
1840 2066 4
1840 2066 2
1840 2066 4
1840 2066 2
1840 2066 3
1840 2066 4
1840 2066 5
1840 2066 1
1840 2066 1
1840 2066 1
1840 2066 4
1840 2066 5
1840 2066 2
1840 2066 4
1840 2066 3
1840 2066 4
1840 2066 5
1840 2066 4
1840 2066 1
1840 1791 4
1840 1791 5
1840 1791 5
1840 1791 1
1840 1791 5
1840 1717 1
1840 1717 5
1840 1717 2
1840 1717 5
1840 1717 5
1840 1776 4
1840 1776 5
1840 1776 5
1840 1776 5
1840 1949 3
1840 1949 4
1840 1949 4
1840 1949 5
1840 1949 4
1840 1949 3
1840 1949 4
1840 1949 3
1840 1949 5
1840 1949 5
1840 1949 4
1840 1949 5
1840 1949 5
1840 1949 5
1840 1949 5
1840 1837 4
1840 1837 5
1840 1837 5
1840 1837 4
1840 1837 5
1840 1837 3
1840 1837 4
1840 1837 2
1840 1837 5
1840 1837 5
1840 1837 5
1840 2051 4
1840 2051 5
1840 2051 5
1840 2051 5
1840 1818 3
1840 1818 4
1840 1818 2
1840 1818 3
1840 1818 1
1840 1818 3
1840 1818 3
1840 1976 3
1840 1976 3
1840 1976 1
1840 1976 5
1840 1976 1
1840 1909 3
1840 1909 4
1840 1909 4
1840 1909 2
1840 1909 4
1840 1909 5
1840 1909 5
1840 1909 4
1840 1909 3
1840 1909 5
1840 1909 5
1840 1909 4
1840 1909 4
1840 1909 1
1840 1763 5
1840 1763 2
1840 1763 5
1840 1763 4
1840 1763 1
1840 1763 1
1840 1763 3
1840 1763 1
1840 1763 4
1840 1763 2
1840 2063 1
1840 2063 1
1840 2063 5
1840 2063 5
1840 2063 5
1840 2063 5
1840 2063 5
1840 2063 3
1840 1763 4
1840 1763 5
1840 1763 2
1840 1763 3
1840 1763 4
1840 1763 2
1840 1763 2
1840 1796 2
1840 1796 1
1840 1796 4
1840 1796 4
1840 1796 1
1840 1796 1
1840 1796 2
1840 1796 1
1840 1796 1
1840 1796 3
1840 1948 4
1840 1948 2
1840 1948 2
1840 1948 2
1840 1917 1
1840 1917 1
1840 1917 2
1840 1917 1
1840 1917 1
1840 1917 1
1840 1917 1
1840 1917 3
1840 2033 1
1840 2033 4
1840 2033 4
1840 2033 4
1840 2033 3
1840 2033 4
1840 1930 5
1840 1930 3
1840 1930 5
1840 1970 1
1840 1970 1
1840 1789 5
1840 1789 5
1840 1789 3
1840 1789 4
1840 1789 5
1840 1789 2
1840 1789 5
1840 1789 5
1840 1789 5
1840 1789 2
1840 1789 5
1840 1789 5
1840 1789 4
1840 1789 5
1840 1789 4
1840 1789 5
1840 1789 4
1840 2020 3
1840 2020 1
1840 2020 1
1840 2020 1
1840 1868 5
1840 1868 1
1840 1868 1
1840 1868 1
1840 1868 3
1840 1868 2
1840 1868 5
1840 1868 3
1840 1868 5
1840 1868 5
1840 1868 2
1840 1868 4
1840 1868 5
1840 1868 1
1840 1868 5
1840 1868 1
1840 1979 3
1840 1979 4
1840 1979 3
1840 1979 3
1840 1979 3
1840 1979 5
1840 1979 4
1840 1979 5
1840 1979 4
1840 1953 5
1840 1953 5
1840 1953 5
1840 1953 4
1840 1953 4
1840 1953 5
1840 1953 3
1840 1953 5
1840 1953 2
1840 1953 4
1840 1953 5
1840 1953 5
1840 1953 5
1840 1953 1
1840 1953 5
1840 1953 4
1840 1953 1
1840 1953 1
1840 1953 5
1840 1953 4
1840 1953 5
1840 1747 5
1840 1747 5
1840 1747 1
1840 1747 4
1840 1747 5
1840 1672 3
1840 1672 4
1840 1672 4
1840 1672 2
1840 1812 5
1840 1812 5
1840 1812 5
1840 1933 1
1840 1933 4
1840 1933 1
1840 1933 1
1840 1933 4
1840 2048 5
1840 2048 1
1840 2048 5
1840 1826 5
1840 1826 5
1840 1826 4
1840 1826 4
1840 2013 3
1840 2013 2
1840 2013 4
1840 2013 3
1840 2013 5
1840 2013 2
1840 2013 4
1840 2013 5
1840 2013 3
1840 2013 3
1840 2013 5
1840 2013 4
1840 2013 4
1840 2124 4
1840 2124 5
1840 2124 4
1840 2124 4
1840 2124 5
1840 2124 4
1840 2124 4
1840 2124 5
1840 2124 4
1840 2124 2
1840 2124 4
1840 2124 4
1840 2124 4
1840 2124 4
1840 2124 5
1840 2124 4
1840 2124 4
1840 2124 4
1840 2124 4
1840 2124 4
1840 2124 4
1840 2124 5
1840 2124 5
1840 2124 4
1840 2124 4
1840 2124 5
1840 2124 5
1840 2124 3
1840 2124 4
1840 2124 5
1840 2124 4
1840 2124 4
1840 2124 5
1840 2124 5
1840 2124 2
1840 2124 5
1840 2124 5
1840 2124 5
1840 2124 4
1840 2124 3
1840 2124 3
1840 2124 3
1840 2124 4
1840 2124 4
1840 2124 1
1840 2124 4
1840 2124 2
1840 2124 4
1840 2124 2
1840 2124 4
1840 2124 3
1840 2124 3
1840 2124 2
1840 2124 1
1840 2124 4
1840 2124 5
1840 2124 2
1840 2124 5
1840 2124 3
1840 2124 5
1840 2124 4
1840 2124 4
1840 2124 5
1840 2124 5
1840 2124 3
1840 2124 4
1840 2124 3
1840 2124 4
1840 2124 5
1840 2124 4
1840 2124 4
1840 2124 5
1840 2124 3
1840 2124 2
1840 2124 4
1840 2124 4
1840 2124 4
1840 2124 5
1840 2124 3
1840 2124 4
1840 2124 5
1840 2124 4
1840 2124 4
1840 2124 5
1840 2124 3
1840 2124 5
1840 2124 5
1840 2124 5
1840 2124 5
1840 2124 2
1840 2124 3
1840 2124 4
1840 2124 2
1840 2124 5
1840 2124 2
1840 2124 5
1840 2124 4
1840 2124 4
1840 2124 5
1840 2124 5
1840 2124 2
1840 2124 5
1840 2124 4
1840 2124 3
1840 2124 5
1840 2124 5
1840 2124 4
1840 2033 2
1840 2033 5
1840 2033 5
1840 2033 4
1840 1864 5
1840 1864 5
1840 1864 4
1840 1864 5
1840 1864 4
1840 1864 5
1840 1864 5
1840 1864 5
1840 1864 1
1840 1864 5
1840 1864 5
1840 1864 5
1840 1864 5
1840 1904 2
1840 1904 3
1840 1904 4
1840 1904 3
1840 1904 3
1840 1904 5
1840 1904 3
1840 1904 3
1840 1904 3
1840 1904 3
1840 1904 4
1840 1904 1
1840 1904 4
1840 1904 1
1840 1904 4
1840 1904 4
1840 1904 3
1840 1904 4
1840 1904 4
1840 1904 1
1840 1904 4
1840 1904 1
1840 1904 3
1840 1904 1
1840 1904 4
1840 1904 2
1840 1904 4
1840 1904 2
1840 1904 4
1840 1904 5
1840 1904 4
1840 1904 4
1840 1904 5
1840 1904 3
1840 1904 4
1840 1904 3
1840 1904 5
1840 1904 5
1840 1904 3
1840 1904 5
1840 1904 2
1840 1904 3
1840 1904 4
1840 1904 4
1840 1904 4
1840 1904 1
1840 1904 5
1840 1904 5
1840 1904 4
1840 1904 5
1840 1904 3
1840 1904 4
1840 1904 5
1840 1904 4
1840 1904 2
1840 1904 4
1840 1904 5
1840 1904 1
1840 1904 3
1840 1904 4
1840 1904 4
1840 1904 4
1840 1904 4
1840 1904 3
1840 1904 5
1840 1904 4
1840 1904 5
1840 1904 4
1840 1904 5
1840 1904 1
1840 1904 3
1840 1904 5
1840 1904 4
1840 1904 5
1840 1904 5
1840 1904 4
1840 1904 5
1840 1904 5
1840 1904 2
1840 1904 4
1840 1904 1
1840 1904 4
1840 1904 4
1840 1904 5
1840 1904 3
1840 1904 5
1840 1904 3
1840 1904 5
1840 1904 5
1840 1904 4
1840 1904 4
1840 1904 4
1840 1904 3
1840 1904 4
1840 1904 3
1840 1904 4
1840 1904 4
1840 1904 1
1840 1904 4
1840 1904 4
1840 1904 2
1840 1904 4
1840 1904 3
1840 1904 3
1840 1904 4
1840 1904 1
1840 1904 5
1840 1904 2
1840 1904 5
1840 1904 5
1840 1904 4
1840 1904 4
1840 1904 5
1840 1904 4
1840 1904 2
1840 1904 4
1840 1904 2
1840 1904 4
1840 1904 5
1840 1904 4
1840 1904 2
1840 1904 5
1840 1904 2
1840 1904 4
1840 1904 4
1840 1904 2
1840 1904 2
1840 1904 1
1840 1904 4
1840 1904 3
1840 1904 3
1840 1904 1
1840 1904 3
1840 1904 5
1840 1904 3
1840 1904 4
1840 1681 5
1840 1681 5
1840 1681 5
1840 1825 5
1840 1825 4
1840 1825 4
1840 2014 3
1840 2014 3
1840 2014 4
1840 2014 3
1840 2014 4
1840 2014 4
1840 2014 5
1840 2014 4
1840 2014 1
1840 2014 4
1840 2014 5
1840 2014 4
1840 2014 4
1840 2014 4
1840 2014 4
1840 2014 4
1840 2014 1
1840 2014 5
1840 2014 4
1840 1758 4
1840 1758 4
1840 1758 5
1840 1758 5
1840 1758 3
1840 1758 1
1840 1758 2
1840 1923 4
1840 1923 5
1840 1923 4
1840 1923 5
1840 1923 2
1840 1923 5
1840 1923 5
1840 1923 5
1840 1923 3
1840 1923 2
1840 1923 5
1840 1923 3
1840 1923 5
1840 1923 4
1840 1923 1
1840 1923 5
1840 1923 3
1840 1923 5
1840 1923 5
1840 1821 4
1840 1821 4
1840 1821 3
1840 1821 4
1840 1821 5
1840 1821 5
1840 1821 4
1840 1821 4
1840 1821 2
1840 1821 5
1840 1821 5
1840 1821 5
1840 1821 5
1840 1821 5
1840 1821 2
1840 1821 1
1840 1821 2
1840 1821 4
1840 1821 5
1840 1821 2
1840 1821 5
1840 1821 4
1840 1821 3
1840 1821 1
1840 1821 1
1840 1821 4
1840 1821 1
1840 1821 5
1840 1821 4
1840 1821 3
1840 1821 1
1840 1821 3
1840 1821 4
1840 1821 1
1840 1821 1
1840 1821 1
1840 1959 5
1840 1959 1
1840 1959 5
1840 1959 5
1840 1959 5
1840 1959 5
1840 1959 5
1840 1959 5
1840 1959 5
1840 1959 5
1840 1959 5
1840 1959 5
1840 1959 5
1840 1912 3
1840 1912 3
1840 1912 3
1840 1912 4
1840 1912 1
1840 1912 3
1840 1912 3
1840 1912 3
1840 1912 5
1840 1848 3
1840 1848 5
1840 1924 4
1840 1924 4
1840 1924 4
1840 1929 4
1840 1929 4
1840 1929 4
1840 1929 5
1840 2007 5
1840 2007 5
1840 2007 5
1840 1822 5
1840 1822 5
1840 1822 5
1840 1822 5
1840 1822 4
1840 1822 5
1840 1822 5
1840 1822 5
1840 1822 5
1840 1822 5
1840 1822 5
1840 1822 5
1840 1822 4
1840 1822 5
1840 1822 5
1840 1822 5
1840 1822 5
1840 1822 5
1840 1822 5
1840 1742 5
1840 1742 5
1840 1742 5
1840 1742 5
1840 1742 5
1840 1742 5
1840 1742 5
1840 1742 5
1840 1742 4
1840 1742 3
1840 1742 1
1840 1742 4
1840 1742 5
1840 1742 4
1840 1742 5
1840 1742 2
1840 1742 5
1840 1742 3
1840 1742 4
1840 1742 5
1840 1742 5
1840 1742 3
1840 1742 3
1840 1742 4
1840 1742 5
1840 1742 3
1840 1742 1
1840 1742 4
1840 1742 4
1840 1742 3
1840 1742 4
1840 1742 4
1840 1742 5
1840 1742 4
1840 1742 2
1840 1742 3
1840 1742 5
1840 1742 4
1840 1742 2
1840 1742 3
1840 1742 1
1840 1742 2
1840 1742 5
1840 1742 3
1840 1742 4
1840 1742 1
1840 1742 5
1840 1742 3
1840 1742 4
1840 1742 3
1840 1742 3
1840 1742 5
1840 1742 2
1840 1742 1
1840 1742 3
1840 1742 2
1840 1742 5
1840 1742 4
1840 1742 5
1840 1742 4
1840 1742 5
1840 1742 4
1840 1931 5
1840 1931 2
1840 1931 5
1840 1931 1
1840 1931 5
1840 1931 4
1840 1931 5
1840 1931 5
1840 1931 3
1840 1931 4
1840 1931 3
1840 1931 4
1840 1931 4
1840 1931 4
1840 1931 5
1840 1931 5
1840 1931 4
1840 1931 5
1840 1931 3
1840 1931 5
1840 1931 4
1840 1931 5
1840 1931 4
1840 1931 4
1840 1931 5
1840 1931 2
1840 1931 4
1840 1931 5
1840 1931 5
1840 1931 5
1840 1931 5
1840 1931 4
1840 1931 5
1840 1931 5
1840 1931 5
1840 1931 5
1840 1931 5
1840 1931 5
1840 1931 5
1840 1931 5
1840 1931 4
1840 1931 5
1840 1931 1
1840 1931 5
1840 1931 5
1840 1952 5
1840 1952 4
1840 1952 3
1840 1952 5
1840 1952 5
1840 1952 1
1840 1952 5
1840 1757 4
1840 1757 5
1840 1757 3
1840 1757 5
1840 1757 5
1840 1757 4
1840 1757 5
1840 1757 5
1840 1757 3
1840 1757 2
1840 1757 4
1840 1740 5
1840 1740 5
1840 1740 5
1840 1740 5
1840 1740 5
1840 1996 4
1840 1996 4
1840 1996 4
1840 1996 3
1840 1996 4
1840 1996 4
1840 1996 3
1840 1996 1
1840 1996 1
1840 1996 5
1840 1996 1
1840 1996 3
1840 1996 1
1840 1996 1
1840 1996 3
1840 1996 1
1840 1996 1
1840 1996 1
1840 1996 1
1840 1996 4
1840 1996 1
1840 1996 2
1840 1996 1
1840 1854 4
1840 1854 4
1840 1854 5
1840 1854 5
1840 1854 5
1840 1854 5
1840 1854 4
1840 1854 4
1840 1854 5
1840 1854 5
1840 1854 5
1840 1854 5
1840 1854 5
1840 1854 5
1840 1854 5
1840 1854 5
1840 1941 5
1840 1941 4
1840 1941 5
1840 1941 4
1840 1941 4
1840 1941 5
1840 1941 5
1840 1941 5
1840 1941 2
1840 1941 4
1840 1941 5
1840 1941 4
1840 1941 3
1840 1941 5
1840 1941 4
1840 1941 4
1840 1941 2
1840 1941 4
1840 1941 5
1840 1941 3
1840 1941 4
1840 1941 4
1840 1941 1
1840 1941 4
1840 1941 5
1840 1941 4
1840 1941 3
1840 1941 4
1840 1941 2
1840 1941 4
1840 1941 2
1840 1941 4
1840 1941 4
1840 1941 4
1840 1941 4
1840 1941 5
1840 1941 1
1840 1941 2
1840 1941 5
1840 1941 5
1840 1941 4
1840 1941 4
1840 1941 5
1840 1941 4
1840 1941 4
1840 1941 4
1840 1941 5
1840 1941 5
1840 1941 1
1840 1941 3
1840 1941 3
1840 1941 4
1840 1941 5
1840 1941 4
1840 1941 5
1840 1941 5
1840 1941 4
1840 1941 5
1840 1941 5
1840 1941 4
1840 1941 4
1840 1941 5
1840 1941 5
1840 1941 3
1840 1941 5
1840 1941 2
1840 1941 3
1840 1941 5
1840 1941 2
1840 1941 4
1840 1941 5
1840 1941 4
1840 1941 5
1840 1941 5
1840 1941 1
1840 1941 5
1840 1941 4
1840 1941 5
1840 1941 5
1840 1941 4
1840 1941 3
1840 1941 5
1840 1941 4
1840 1941 5
1840 1941 4
1840 1941 4
1840 1941 5
1840 1941 3
1840 1941 4
1840 1941 4
1840 1941 5
1840 1941 2
1840 1941 5
1840 1941 5
1840 1941 4
1840 1941 3
1840 1941 5
1840 1941 5
1840 1941 5
1840 1941 5
1840 1941 4
1840 1941 5
1840 1941 1
1840 1941 3
1840 1941 5
1840 1941 2
1840 1941 1
1840 1941 4
1840 1941 3
1840 1941 5
1840 1941 4
1840 1941 5
1840 1941 5
1840 1941 5
1840 1941 4
1840 1941 5
1840 1941 1
1840 1941 4
1840 1941 4
1840 1941 3
1840 1941 5
1840 1941 5
1840 1941 3
1840 1941 5
1840 1941 3
1840 1941 2
1840 1941 5
1840 1765 4
1840 1765 4
1840 1968 2
1840 1968 3
1840 1968 1
1840 1968 3
1840 1968 3
1840 1968 1
1840 1968 3
1840 1968 3
1840 1968 2
1840 1968 2
1840 1968 2
1840 1968 5
1840 1968 4
1840 1968 3
1840 1968 3
1840 1968 4
1840 1968 3
1840 1968 3
1840 1968 3
1840 1968 3
1840 1968 4
1840 1968 2
1840 1968 2
1840 1968 4
1840 1968 1
1840 1968 3
1840 1968 2
1840 1968 3
1840 1968 4
1840 1968 2
1840 1968 2
1840 1968 3
1840 1968 4
1840 1968 4
1840 1968 3
1840 1968 3
1840 1968 3
1840 1968 4
1840 1968 5
1840 1968 4
1840 1968 4
1840 1968 3
1840 1968 2
1840 1968 2
1840 1968 3
1840 1968 3
1840 1968 3
1840 1968 3
1840 1968 5
1840 1968 4
1840 1968 5
1840 1968 3
1840 1968 3
1840 1968 5
1840 1968 4
1840 1968 4
1840 1968 3
1840 1968 3
1840 1968 4
1840 1968 1
1840 1968 1
1840 1968 4
1840 1968 2
1840 1968 5
1840 1968 2
1840 1968 5
1840 1968 2
1840 1968 4
1840 1968 3
1840 1968 4
1840 1968 3
1840 1968 5
1840 1968 4
1840 1968 3
1840 1968 1
1840 1968 5
1840 1968 1
1840 1968 5
1840 1968 3
1840 1968 3
1840 1968 5
1840 1968 1
1840 1968 4
1840 1968 1
1840 1968 1
1840 1968 4
1840 1968 2
1840 1803 4
1840 1803 4
1840 1803 4
1840 1803 5
1840 1803 5
1840 1803 5
1840 1803 5
1840 1803 2
1840 1803 1
1840 1756 4
1840 1756 5
1840 1756 2
1840 1756 5
1840 1756 5
1840 2194 2
1840 2194 4
1840 2194 4
1840 2194 5
1840 2194 2
1840 2194 1
1840 2194 1
1840 1824 1
1840 1824 2
1840 1824 1
1840 1824 4
1840 1824 5
1840 1824 4
1840 1824 1
1840 1824 1
1840 1824 3
1840 1824 2
1840 1824 1
1840 1824 1
1840 1824 5
1840 1743 3
1840 1743 2
1840 1743 5
1840 1743 1
1840 1743 3
1840 1743 4
1840 1743 1
1840 1743 2
1840 1743 3
1840 1743 5
1840 1743 2
1840 1743 2
1840 1743 5
1840 1743 3
1840 1743 2
1840 1743 2
1840 1743 4
1840 1743 2
1840 1743 4
1840 1743 2
1840 1743 1
1840 1743 2
1840 1743 4
1840 1743 5
1840 1743 3
1840 1743 5
1840 1743 5
1840 1743 1
1840 1743 4
1840 1743 2
1840 1743 1
1840 1743 4
1840 1743 4
1840 1743 3
1840 1743 1
1840 1743 2
1840 1743 1
1840 1743 1
1840 1743 1
1840 1743 3
1840 1743 1
1840 1743 3
1840 1743 1
1840 1743 5
1840 1743 5
1840 1743 1
1840 1743 5
1840 1743 1
1840 2015 5
1840 2015 5
1840 2015 5
1840 2015 5
1840 2015 5
1840 2060 3
1840 2060 5
1840 2060 1
1840 2060 5
1840 2060 5
1840 2060 5
1840 2060 5
1840 2060 1
1840 1836 5
1840 1836 1
1840 1836 1
1840 1836 4
1840 1836 1
1840 1836 5
1840 1910 3
1840 1910 4
1840 1910 3
1840 1910 5
1840 1910 4
1840 1910 3
1840 1910 1
1840 1910 5
1840 1903 4
1840 1903 3
1840 1903 2
1840 1903 1
1840 1903 1
1840 1841 5
1840 1841 5
1840 1841 5
1840 1841 5
1840 1841 4
1840 1841 5
1840 1841 5
1840 1841 4
1840 1841 5
1840 1841 5
1840 1841 5
1840 1969 5
1840 1969 5
1840 1969 5
1840 1969 5
1840 1969 5
1840 1969 5
1840 1892 5
1840 1892 5
1840 1892 5
1840 1892 5
1840 2019 5
1840 2019 5
1840 2019 5
1840 2019 5
1840 2019 5
1840 1981 5
1840 1981 3
1840 1981 4
1840 1981 5
1840 1981 5
1840 1981 5
1840 1981 4
1840 1981 5
1840 1981 5
1840 1981 3
1840 1981 5
1840 1981 5
1840 1981 5
1840 1981 4
1840 1981 5
1840 1981 5
1840 1981 5
1840 1981 5
1840 1981 4
1840 1981 4
1840 1981 4
1840 1981 1
1840 1981 5
1840 1981 5
1840 1981 3
1840 1981 1
1840 1784 1
1840 1784 4
1840 1784 2
1840 1784 1
1840 1784 1
1840 1837 3
1840 1837 4
1840 1837 3
1840 1837 5
1840 1837 5
1840 1837 5
1840 1837 5
1840 1837 4
1840 1837 4
1840 1837 4
1840 1837 5
1840 1837 4
1840 1837 4
1840 1837 5
1840 1837 4
1840 1837 4
1840 1837 5
1840 1837 5
1840 1837 5
1840 1837 3
1840 1837 1
1840 1837 4
1840 1837 4
1840 1837 5
1840 1837 5
1840 1837 4
1840 1837 2
1840 1837 5
1840 1837 5
1840 1837 5
1840 1837 3
1840 1837 5
1840 1837 3
1840 1837 4
1840 1837 4
1840 1837 2
1840 1837 5
1840 1837 5
1840 1837 2
1840 1837 5
1840 1837 2
1840 1837 5
1840 1837 5
1840 1837 5
1840 1837 5
1840 1837 5
1840 1837 4
1840 1837 5
1840 1837 2
1840 1837 2
1840 1837 5
1840 1837 5
1840 1837 4
1840 1837 5
1840 1837 4
1840 1837 3
1840 1837 5
1840 1837 4
1840 1998 1
1840 1998 4
1840 1998 4
1840 2013 5
1840 2013 5
1840 2013 4
1840 2013 5
1840 2013 5
1840 2013 5
1840 2013 4
1840 2013 5
1840 2013 5
1840 2013 5
1840 2013 5
1840 2013 5
1840 2013 5
1840 2013 5
1840 2013 5
1840 1880 2
1840 1880 1
1840 1880 4
1840 2021 3
1840 2021 1
1840 2021 4
1840 1839 1
1840 1839 1
1840 1839 1
1840 1839 1
1840 1839 1
1840 2009 3
1840 2009 1
1840 2009 4
1840 2009 5
1840 2009 2
1840 2009 3
1840 2009 4
1840 2009 4
1840 2009 4
1840 2009 4
1840 2009 3
1840 2009 2
1840 2009 3
1840 2009 4
1840 2009 1
1840 2009 3
1840 2009 2
1840 2009 5
1840 1741 1
1840 1741 3
1840 1741 4
1840 1741 4
1840 1741 4
1840 1741 2
1840 1741 3
1840 1741 5
1840 1741 5
1840 1741 3
1840 1741 4
1840 1741 4
1840 1741 3
1840 1741 5
1840 1741 3
1840 1741 4
1840 1741 5
1840 1741 5
1840 1741 5
1840 1741 2
1840 1741 3
1840 1741 4
1840 1741 1
1840 1741 5
1840 1741 5
1840 1741 4
1840 1741 5
1840 1741 5
1840 1741 5
1840 1741 4
1840 1741 4
1840 1741 5
1840 1741 4
1840 1741 4
1840 1741 5
1840 1741 5
1840 1741 5
1840 1741 4
1840 1741 4
1840 1741 4
1840 1741 2
1840 1741 5
1840 1741 5
1840 1741 2
1840 1741 5
1840 1741 5
1840 1741 5
1840 1741 4
1840 1741 4
1840 1741 5
1840 1741 3
1840 1741 5
1840 1741 4
1840 1741 5
1840 1741 2
1840 1695 5
1840 1695 3
1840 1695 1
1840 1970 5
1840 1970 5
1840 1970 4
1840 1970 1
1840 1970 5
1840 1970 5
1840 1893 4
1840 1893 5
1840 1893 2
1840 1893 1
1840 1893 5
1840 1715 4
1840 1715 4
1840 1715 4
1840 1950 3
1840 1950 4
1840 1950 1
1840 1950 1
1840 1950 1
1840 1868 4
1840 1868 4
1840 1868 5
1840 1868 4
1840 1868 4
1840 1868 4
1840 1944 4
1840 1944 4
1840 1944 4
1840 1944 4
1840 1944 3
1840 1944 5
1840 1944 4
1840 1944 2
1840 1944 3
1840 1944 1
1840 1944 5
1840 1944 3
1840 1944 2
1840 1944 1
1840 1944 5
1840 1978 3
1840 1978 4
1840 1978 5
1840 1978 3
1840 1978 5
1840 1978 4
1840 1978 5
1840 1927 4
1840 1927 1
1840 1927 5
1840 1927 5
1840 1927 4
1840 1927 1
1840 1896 3
1840 1896 4
1840 1896 5
1840 1896 3
1840 1896 2
1840 1896 3
1840 1896 3
1840 1896 2
1840 1896 1
1840 1896 2
1840 1896 3
1840 1896 3
1840 1896 4
1840 1896 1
1840 1896 3
1840 1896 3
1840 1896 4
1840 1896 4
1840 1896 4
1840 1896 3
1840 1896 4
1840 1896 3
1840 1896 3
1840 1896 3
1840 1896 2
1840 1896 1
1840 1896 3
1840 1896 5
1840 1896 3
1840 1896 5
1840 1896 2
1840 1896 4
1840 1896 3
1840 1896 3
1840 1896 3
1840 1896 4
1840 1896 3
1840 1896 4
1840 1896 1
1840 1896 3
1840 1896 2
1840 1896 4
1840 1896 4
1840 1896 4
1840 1896 4
1840 1896 4
1840 1896 4
1840 1896 2
1840 1896 4
1840 1896 4
1840 1896 1
1840 1896 1
1840 1896 5
1840 1896 4
1840 1896 3
1840 1896 4
1840 1896 3
1840 1896 2
1840 1832 1
1840 1832 1
1840 1832 3
1840 1775 5
1840 1775 5
1840 1775 5
1840 1775 5
1840 1775 1
1840 1775 5
1840 1775 5
1840 1775 3
1840 1955 4
1840 1955 4
1840 1955 3
1840 1955 5
1840 1955 1
1840 1955 4
1840 1955 5
1840 1955 4
1840 1955 1
1840 1955 5
1840 1955 4
1840 1955 5
1840 1955 5
1840 1955 5
1840 1955 4
1840 1955 5
1840 1955 4
1840 1955 4
1840 1955 5
1840 1955 5
1840 1955 4
1840 1955 5
1840 1955 3
1840 1955 4
1840 1955 4
1840 1955 4
1840 1955 5
1840 1882 1
1840 1882 4
1840 1882 1
1840 1882 3
1840 1882 1
1840 1882 3
1840 2041 4
1840 2041 5
1840 2041 3
1840 2041 3
1840 2041 4
1840 2041 4
1840 2041 4
1840 2041 4
1840 2041 4
1840 2041 2
1840 2041 4
1840 2041 5
1840 2041 5
1840 1972 5
1840 1972 5
1840 1972 5
1840 1972 5
1840 1972 5
1840 1972 5
1840 1856 5
1840 1856 5
1840 1856 1
1840 1856 5
1840 1856 5
1840 1856 5
1840 1969 5
1840 1969 5
1840 1969 5
1840 1969 5
1840 1969 5
1840 1944 4
1840 1944 4
1840 1944 5
1840 1944 1
1840 1944 1
1840 1879 5
1840 1879 5
1840 1879 5
1840 1879 5
1840 1879 5
1840 1879 5
1840 1915 5
1840 1915 5
1840 1915 5
1840 1915 5
1840 1692 4
1840 1692 4
1840 1692 4
1840 1711 4
1840 1711 5
1840 1901 5
1840 1901 5
1840 1901 5
1840 1901 5
1840 1901 4
1840 1901 4
1840 1901 4
1840 1901 4
1840 1901 5
1840 1901 5
1840 1901 4
1840 1901 5
1840 1901 4
1840 1901 5
1840 1901 4
1840 1901 5
1840 1901 5
1840 1901 3
1840 1901 1
1840 1901 5
1840 1901 5
1840 1901 4
1840 1901 1
1840 1901 4
1840 1901 5
1840 1901 3
1840 1901 5
1840 1901 5
1840 1901 5
1840 1901 3
1840 1901 3
1840 1901 1
1840 1901 5
1840 1901 5
1840 1901 5
1840 1901 5
1840 1901 4
1840 1901 1
1840 1901 5
1840 1901 4
1840 1901 4
1840 1901 4
1840 1901 5
1840 1901 5
1840 1901 3
1840 1901 5
1840 1901 4
1840 1901 5
1840 1901 3
1840 1901 4
1840 1901 5
1840 1901 5
1840 1901 4
1840 1901 5
1840 1901 4
1840 1901 5
1840 1901 1
1840 1901 2
1840 1901 5
1840 1901 5
1840 1901 5
1840 1901 5
1840 1901 5
1840 1901 5
1840 1901 4
1840 1901 5
1840 1901 5
1840 1901 5
1840 1901 5
1840 1901 4
1840 1901 3
1840 1901 5
1840 1901 5
1840 1901 1
1840 1901 1
1840 1901 5
1840 1804 4
1840 1804 2
1840 1804 2
1840 1804 1
1840 1804 2
1840 1804 3
1840 1804 3
1840 1804 3
1840 1804 3
1840 1889 3
1840 1889 4
1840 1889 1
1840 1889 1
1840 2011 4
1840 2011 1
1840 2011 3
1840 2011 2
1840 2011 1
1840 1932 4
1840 1932 1
1840 1932 1
1840 1932 1
1840 1932 3
1840 1932 3
1840 1619 5
1840 1619 5
1840 1619 5
1840 1619 5
1840 1619 5
1840 1619 5
1840 1619 1
1840 1926 3
1840 1926 5
1840 1926 5
1840 1926 5
1840 1926 1
1840 1926 4
1840 1926 2
1840 1926 5
1840 1926 5
1840 1926 5
1840 1998 1
1840 1998 1
1840 1998 5
1840 1998 5
1840 1998 5
1840 1998 3
1840 1998 1
1840 1998 5
1840 1998 1
1840 1998 1
1840 1998 2
1840 1998 1
1840 1985 4
1840 1985 1
1840 1985 1
1840 1985 1
1840 1985 1
1840 1940 4
1840 1940 5
1840 1940 1
1840 1940 5
1840 1940 5
1840 1941 1
1840 1941 1
1840 1941 5
1840 1941 1
1840 1941 5
1840 1941 5
1840 1970 3
1840 1970 4
1840 1970 5
1840 1970 3
1840 1970 1
1840 1970 3
1840 1970 5
1840 1970 3
1840 1970 1
1840 1933 4
1840 1933 5
1840 1933 3
1840 1933 3
1840 1933 4
1840 1933 4
1840 1933 5
1840 1933 5
1840 1933 2
1840 1933 2
1840 1933 1
1840 1933 5
1840 1933 1
1840 1933 1
1840 1933 1
1840 1933 1
1840 1970 5
1840 1970 1
1840 1970 1
1840 1970 1
1840 2038 4
1840 2038 4
1840 2038 4
1840 2038 3
1840 2038 5
1840 2038 5
1840 2038 5
1840 2038 3
1840 2038 5
1840 2038 2
1840 2038 1
1840 2038 5
1840 2038 5
1840 2038 1
1840 2038 1
1840 1782 2
1840 1782 1
1840 1782 4
1840 2173 3
1840 2173 3
1840 2173 2
1840 2173 1
1840 1824 5
1840 1824 5
1840 1824 5
1840 1852 5
1840 1852 5
1840 1852 1
1840 1970 4
1840 1970 1
1840 1970 5
1840 1970 3
1840 1970 1
1840 1970 1
1840 1970 3
1840 1970 1
1840 1773 1
1840 1773 5
1840 1773 2
1840 1773 4
1840 1773 4
1840 2020 4
1840 2020 3
1840 2020 5
1840 2020 4
1840 2116 5
1840 2116 3
1840 2116 1
1840 2085 5
1840 2085 5
1840 2085 5
1840 2085 4
1840 2085 2
1840 1724 3
1840 1724 5
1840 1724 1
1840 1724 1
1840 1724 3
1840 1724 5
1840 2000 5
1840 2000 5
1840 2000 5
1840 2000 5
1840 2000 5
1840 2000 5
1840 2000 5
1840 2000 1
1840 2000 3
1840 2071 2
1840 2071 1
1840 2071 1
1840 2071 1
1840 2071 1
1840 2062 4
1840 2062 4
1840 2062 3
1840 2062 1
1840 2062 4
1840 2062 2
1840 1597 5
1840 1597 2
1840 1597 1
1840 1597 3
1840 1597 2
1840 1597 5
1840 1597 5
1840 1597 5
1840 1597 5
1840 1597 5
1840 1597 5
1840 1597 4
1840 1597 5
1840 1597 3
1840 1597 3
1840 1597 1
1840 1597 2
1840 1597 4
1840 1597 4
1840 1597 1
1840 1597 5
1840 1597 5
1840 1597 4
1840 1597 3
1840 1597 4
1840 1597 4
1840 1597 3
1840 1597 1
1840 1675 5
1840 1675 2
1840 1675 5
1840 1938 5
1840 1938 5
1840 1938 4
1840 1938 5
1840 1938 1
1840 1914 5
1840 1914 2
1840 1914 4
1840 1944 1
1840 1944 1
1840 1944 1
1840 1821 4
1840 1821 4
1840 1821 5
1840 1821 1
1840 1968 2
1840 1968 3
1840 1968 3
1840 1968 2
1840 1968 3
1840 1968 3
1840 1858 3
1840 1858 4
1840 1858 5
1840 2044 1
1840 2044 5
1840 2044 5
1840 2044 5
1840 2044 1
1840 2044 1
1840 2044 1
1840 1930 3
1840 1930 1
1840 1930 3
1840 2055 4
1840 2055 5
1840 2055 1
1840 2055 1
1840 1917 1
1840 1917 1
1840 1917 1
1840 1917 1
1840 1848 1
1840 1848 4
1840 1848 3
1840 1848 2
1840 1848 1
1840 1848 3
1840 1848 1
1840 1848 4
1840 1848 3
1840 1848 3
1840 1848 4
1840 1848 5
1840 1848 5
1840 2033 3
1840 2033 4
1840 2033 4
1840 2033 3
1840 1871 5
1840 1871 5
1840 1871 3
1840 1871 5
1840 1871 5
1840 1871 5
1840 1871 5
1840 2017 4
1840 2017 1
1840 2017 1
1840 2017 5
1840 2017 1
1840 2017 5
1840 2017 5
1840 1944 3
1840 1944 2
1840 1944 4
1840 1944 5
1840 1944 4
1840 1944 1
1840 1944 1
1840 1944 4
1840 1944 4
1840 1944 1
1840 1944 1
1840 1944 4
1840 1944 5
1840 1944 4
1840 1944 1
1840 1944 1
1840 1964 5
1840 1964 4
1840 1964 3
1840 1964 3
1840 1964 2
1840 1964 4
1840 1964 4
1840 1964 4
1840 1964 3
1840 1964 5
1840 1964 4
1840 1964 3
1840 1964 1
1840 1964 4
1840 1964 2
1840 1964 5
1840 1964 5
1840 1964 1
1840 1964 2
1840 1964 5
1840 1883 1
1840 1883 3
1840 1883 3
1840 1842 4
1840 1842 3
1840 1842 3
1840 1842 1
1840 1842 1
1840 1842 1
1840 1842 2
1840 2033 4
1840 2033 3
1840 2033 3
1840 2033 5
1840 2033 1
1840 1970 5
1840 1970 1
1840 1970 5
1840 1970 1
1840 1970 1
1840 1962 5
1840 1962 5
1840 1962 3
1840 1962 4
1840 1962 4
1840 1962 4
1840 1962 1
1840 1962 4
1840 1962 2
1840 1962 1
1840 1962 4
1840 1962 4
1840 1962 4
1840 1962 1
1840 1962 5
1840 1771 5
1840 1771 5
1840 1771 5
1840 1771 5
1840 1771 5
1840 1771 1
1840 1771 5
1840 1771 5
1840 1771 1
1840 1771 5
1840 2010 4
1840 2010 2
1840 2010 3
1840 2010 3
1840 2010 4
1840 2010 2
1840 2010 5
1840 2010 5
1840 2010 1
1840 2010 1
1840 2039 5
1840 2039 5
1840 2039 5
1840 1903 5
1840 1903 1
1840 1903 5
1840 1903 5
1840 1903 5
1840 1903 5
1840 1903 5
1840 1811 5
1840 1811 5
1840 1811 5
1840 1811 5
1840 1741 3
1840 1741 5
1840 1741 5
1840 1741 3
1840 1741 5
1840 1741 3
1840 1741 4
1840 1741 1
1840 1741 5
1840 1741 5
1840 1741 4
1840 1974 5
1840 1974 4
1840 1974 5
1840 1974 5
1840 1974 5
1840 1974 4
1840 1974 5
1840 1974 5
1840 1974 5
1840 1974 4
1840 1974 5
1840 1974 5
1840 1938 5
1840 1938 5
1840 1938 5
1840 1938 3
1840 1938 5
1840 1621 5
1840 1621 5
1840 1621 5
1840 1987 5
1840 1987 5
1840 1987 5
1840 1987 5
1840 1987 5
1840 1987 1
1840 1987 5
1840 1987 5
1840 1987 5
1840 1987 5
1840 1964 4
1840 1964 4
1840 1964 4
1840 1964 2
1840 1964 4
1840 1964 4
1840 1964 3
1840 1964 4
1840 1964 3
1840 1964 3
1840 1964 3
1840 1964 4
1840 1964 3
1840 1964 4
1840 1964 4
1840 1964 5
1840 1964 3
1840 1964 5
1840 1964 5
1840 1964 3
1840 1964 4
1840 1904 5
1840 1904 5
1840 1904 5
1840 1904 5
1840 1904 5
1840 1904 5
1840 1904 5
1840 1904 4
1840 1904 4
1840 1904 5
1840 1904 4
1840 1904 5
1840 1904 3
1840 1904 5
1840 1904 5
1840 1898 4
1840 1898 1
1840 1898 1
1840 1898 1
1840 1786 3
1840 1786 4
1840 1786 4
1840 1786 2
1840 1786 3
1840 1786 4
1840 1786 3
1840 1786 4
1840 1786 5
1840 1786 5
1840 1786 4
1840 1786 5
1840 1786 4
1840 1786 3
1840 1786 2
1840 1786 5
1840 1786 4
1840 1786 5
1840 1786 5
1840 1786 4
1840 1786 1
1840 1786 5
1840 1786 2
1840 1786 4
1840 1786 4
1840 1786 1
1840 1786 5
1840 1786 2
1840 1786 5
1840 1786 4
1840 1786 2
1840 1786 3
1840 1786 1
1840 1915 5
1840 1915 2
1840 1915 3
1840 1915 2
1840 1915 4
1840 1915 5
1840 1915 5
1840 1915 1
1840 1915 4
1840 1915 1
1840 1915 1
1840 2044 5
1840 2044 5
1840 2056 4
1840 2056 3
1840 2056 1
1840 2056 1
1840 2056 5
1840 2011 1
1840 2011 4
1840 1900 5
1840 1900 5
1840 1900 5
1840 2172 4
1840 2172 1
1840 2172 4
1840 2172 1
1840 2002 5
1840 2002 5
1840 2002 5
1840 2002 5
1840 2002 4
1840 2002 5
1840 2002 4
1840 2002 4
1840 2002 1
1840 2002 5
1840 2002 5
1840 2002 5
1840 2002 5
1840 1960 3
1840 1960 4
1840 1960 4
1840 1960 5
1840 1960 4
1840 1960 4
1840 1960 4
1840 1960 4
1840 1960 5
1840 1960 4
1840 1960 1
1840 1960 4
1840 1960 4
1840 1960 4
1840 1960 5
1840 1960 1
1840 1960 4
1840 1960 5
1840 1960 5
1840 1960 5
1840 1960 4
1840 1960 3
1840 1960 5
1840 1960 5
1840 1960 4
1840 1960 4
1840 1960 5
1840 1960 5
1840 1960 2
1840 1960 5
1840 1960 2
1840 1960 4
1840 1960 3
1840 1960 5
1840 1960 2
1840 1960 5
1840 1960 5
1840 1960 4
1840 1960 5
1840 1960 2
1840 1960 2
1840 1960 4
1840 1960 5
1840 1960 5
1840 1960 4
1840 1879 1
1840 1879 1
1840 1995 5
1840 1995 5
1840 1995 5
1840 1995 4
1840 1995 4
1840 1995 5
1840 1995 4
1840 1995 5
1840 1995 4
1840 1995 5
1840 1995 4
1840 1995 4
1840 1995 4
1840 1995 5
1840 1995 5
1840 1995 4
1840 1995 3
1840 1995 4
1840 1995 4
1840 1995 4
1840 1995 4
1840 1868 4
1840 1868 1
1840 1868 2
1840 1868 1
1840 1823 5
1840 1823 5
1840 1823 2
1840 1823 4
1840 1726 1
1840 1726 5
1840 1726 1
1840 1726 2
1840 1951 5
1840 1951 5
1840 1951 4
1840 1951 4
1840 1951 5
1840 1951 5
1840 1951 4
1840 1951 4
1840 1951 4
1840 1951 5
1840 1951 5
1840 1951 5
1840 1951 3
1840 1951 4
1840 1951 5
1840 1951 4
1840 1951 4
1840 1951 5
1840 1951 5
1840 1951 4
1840 1951 5
1840 1951 4
1840 1951 5
1840 1951 5
1840 1951 5
1840 1951 5
1840 1951 4
1840 1951 4
1840 1951 4
1840 1951 3
1840 1951 2
1840 1951 5
1840 1951 5
1840 1951 5
1840 1951 5
1840 1951 4
1840 1951 5
1840 1951 5
1840 1951 5
1840 1951 5
1840 1951 3
1840 1951 4
1840 1951 4
1840 1951 3
1840 1951 5
1840 1951 4
1840 1951 1
1840 1951 2
1840 1951 5
1840 1951 3
1840 1951 5
1840 1813 4
1840 1813 1
1840 1813 1
1840 1916 4
1840 1916 1
1840 1916 5
1840 1838 5
1840 1838 3
1840 1993 2
1840 1993 3
1840 1993 5
1840 1993 3
1840 2016 5
1840 2016 5
1840 2016 3
1840 2016 2
1840 2016 4
1840 2016 4
1840 2016 2
1840 2016 3
1840 2016 1
1840 2016 1
1840 2016 3
1840 2016 1
1840 2016 5
1840 2016 1
1840 2016 3
1840 2016 1
1840 2016 1
1840 2016 2
1840 1779 5
1840 1779 5
1840 1779 5
1840 1779 5
1840 1958 2
1840 1958 2
1840 1958 5
1840 1958 5
1840 1948 1
1840 1948 1
1840 1948 2
1840 1948 1
1840 1942 5
1840 1942 5
1840 1942 5
1840 1942 5
1840 1942 5
1840 1961 4
1840 1961 4
1840 1961 4
1840 1961 1
1840 1961 5
1840 1961 5
1840 1961 5
1840 1961 5
1840 1961 3
1840 1961 5
1840 1961 3
1840 1961 3
1840 1961 5
1840 1961 4
1840 1961 5
1840 1961 1
1840 1961 5
1840 1961 3
1840 1961 5
1840 1961 1
1840 1961 4
1840 1961 2
1840 1961 4
1840 1961 5
1840 1825 1
1840 1825 5
1840 1972 4
1840 1972 5
1840 1972 4
1840 1972 5
1840 1883 5
1840 1883 5
1840 1883 5
1840 1883 5
1840 1883 5
1840 1883 1
1840 1883 5
1840 1759 5
1840 1759 5
1840 1759 5
1840 1759 1
1840 1780 2
1840 1780 4
1840 1780 1
1840 1780 1
1840 1780 1
1840 2102 3
1840 2102 3
1840 2102 1
1840 2102 2
1840 2102 1
1840 2102 1
1840 2102 4
1840 2102 4
1840 1915 1
1840 1915 4
1840 1915 4
1840 1915 4
1840 1915 3
1840 1915 4
1840 1915 4
1840 1915 3
1840 1915 1
1840 1915 2
1840 1915 4
1840 1915 3
1840 1995 5
1840 1995 4
1840 1995 5
1840 1995 5
1840 1995 5
1840 1922 5
1840 1922 5
1840 1922 5
1840 1922 5
1840 1703 1
1840 1703 1
1840 1875 5
1840 1875 5
1840 1875 5
1840 1885 3
1840 1885 3
1840 1885 4
1840 1885 2
1840 1885 1
1840 1885 4
1840 1885 1
1840 1885 2
1840 1885 5
1840 1885 4
1840 1885 3
1840 1885 4
1840 1885 4
1840 1885 1
1840 1885 1
1840 1885 1
1840 1885 1
1840 1885 3
1840 1738 4
1840 1738 5
1840 1738 4
1840 1738 4
1840 1738 3
1840 1738 4
1840 1738 5
1840 1738 1
1840 1738 3
1840 1738 4
1840 1738 1
1840 1738 2
1840 1738 2
1840 1738 1
1840 1738 4
1840 1738 1
1840 1738 2
1840 1738 3
1840 1738 1
1840 1738 4
1840 1738 2
1840 1901 4
1840 1817 1
1840 1817 1
1840 1817 5
1840 1817 1
1840 1817 5
1840 1817 5
1840 1817 5
1840 1817 1
1840 1817 1
1840 1817 2
1840 1817 5
1840 1817 5
1840 1999 2
1840 1999 3
1840 1999 2
1840 1999 1
1840 1999 1
1840 1999 2
1840 1999 2
1840 1999 1
1840 1999 3
1840 1905 4
1840 1905 4
1840 1905 1
1840 1905 2
1840 1905 1
1840 1905 2
1840 1905 4
1840 1905 4
1840 1905 1
1840 1905 4
1840 1905 2
1840 1905 4
1840 1905 5
1840 1905 4
1840 1905 4
1840 1905 4
1840 1905 3
1840 1905 5
1840 1905 5
1840 1905 2
1840 2054 4
1840 2054 4
1840 2054 4
1840 2054 4
1840 2054 4
1840 2054 4
1840 2054 4
1840 2054 4
1840 2054 5
1840 2054 3
1840 2054 3
1840 2054 5
1840 2054 4
1840 1922 3
1840 1922 3
1840 1922 4
1840 1922 2
1840 1922 2
1840 1922 2
1840 1922 1
1840 1922 1
1840 1922 2
1840 1922 1
1840 1922 3
1840 1922 4
1840 1922 5
1840 1922 2
1840 1922 5
1840 1922 1
1840 1922 2
1840 1922 4
1840 2014 1
1840 2014 1
1840 2014 4
1840 2014 2
1840 1885 1
1840 1885 1
1840 1885 1
1840 1885 1
1840 1885 1
1840 1818 5
1840 1818 1
1840 1818 4
1840 1818 3
1840 1818 5
1840 1828 3
1840 1828 5
1840 1828 4
1840 1828 5
1840 1861 3
1840 1861 5
1840 1861 1
1840 1861 1
1840 1861 1
1840 1957 5
1840 1957 5
1840 1957 4
1840 1957 3
1840 1957 5
1840 1957 4
1840 1957 5
1840 1957 4
1840 1957 4
1840 1957 4
1840 1957 2
1840 1957 4
1840 1957 5
1840 1957 5
1840 1957 1
1840 1957 1
1840 1957 5
1840 1957 4
1840 1957 1
1840 2041 4
1840 2041 2
1840 2041 1
1840 1905 4
1840 1905 2
1840 1905 5
1840 1905 1
1840 1905 5
1840 1969 2
1840 1969 1
1840 1969 2
1840 1798 5
1840 1798 5
1840 1798 5
1840 1798 2
1840 1798 5
1840 1875 5
1840 1875 5
1840 1875 1
1840 1875 1
1840 1875 5
1840 1875 5
1840 1875 1
1840 1875 1
1840 1875 1
1840 2012 5
1840 2012 5
1840 2012 2
1840 2012 4
1840 2012 4
1840 2012 3
1840 2012 3
1840 2012 5
1840 2012 2
1840 2012 5
1840 2012 3
1840 2012 5
1840 2012 4
1840 2012 4
1840 2012 4
1840 2012 5
1840 2012 3
1840 2012 5
1840 2012 2
1840 2012 3
1840 2012 1
1840 2012 3
1840 2012 2
1840 2012 5
1840 2012 3
1840 2012 1
1840 2012 3
1840 2012 3
1840 2012 1
1840 2012 2
1840 2012 3
1840 2012 1
1840 2012 5
1840 2012 1
1840 2012 1
1840 2012 4
1840 2050 5
1840 2050 5
1840 2050 5
1840 2050 5
1840 2050 5
1840 2050 5
1840 2050 5
1840 1902 1
1840 1902 1
1840 1902 1
1840 1902 1
1840 1902 1
1840 1902 1
1840 1902 1
1840 1902 1
1840 1902 1
1840 1918 4
1840 1918 1
1840 1918 3
1840 1918 1
1840 1918 4
1840 1918 4
1840 1918 5
1840 1927 3
1840 1927 4
1840 1927 1
1840 1999 1
1840 1999 4
1840 1999 4
1840 1999 4
1840 1999 4
1840 1999 4
1840 1999 2
1840 1999 3
1840 1999 4
1840 1999 3
1840 1999 1
1840 1999 4
1840 1999 4
1840 1999 5
1840 1999 5
1840 1999 1
1840 1999 3
1840 1999 1
1840 1901 3
1840 1901 1
1840 1901 1
1840 2014 5
1840 2014 5
1840 2014 5
1840 2014 5
1840 2014 5
1840 2014 4
1840 2014 5
1840 2014 1
1840 1704 4
1840 1704 5
1840 1704 4
1840 1704 4
1840 1885 5
1840 1885 5
1840 1885 1
1840 1948 3
1840 1948 3
1840 1948 2
1840 1948 3
1840 1948 3
1840 1948 3
1840 1948 2
1840 1948 2
1840 1948 1
1840 1948 1
1840 1948 1
1840 1948 1
1840 1948 1
1840 1948 5
1840 1977 5
1840 1977 5
1840 1977 5
1840 1977 5
1840 1898 1
1840 1898 3
1840 1898 3
1840 1898 5
1840 1924 5
1840 1781 5
1840 1781 5
1840 1781 5
1840 1781 5
1840 1781 5
1840 1781 5
1840 1781 4
1840 2122 1
1840 2122 5
1840 2122 5
1840 2033 5
1840 2033 3
1840 2033 3
1840 1923 5
1840 1923 5
1840 1923 1
1840 1923 5
1840 1923 2
1840 2005 2
1840 2005 4
1840 2005 4
1840 1967 4
1840 1967 3
1840 1967 4
1840 1967 4
1840 1967 1
1840 1967 1
1840 1967 5
1840 1967 1
1840 1967 4
1840 2025 3
1840 2025 3
1840 2025 4
1840 2025 1
1840 1886 2
1840 1886 4
1840 1886 4
1840 1886 4
1840 1886 4
1840 1886 4
1840 1886 2
1840 1886 2
1840 1886 5
1840 1886 5
1840 1886 5
1840 1886 4
1840 1886 4
1840 1886 5
1840 1886 5
1840 1797 5
1840 1797 4
1840 1797 1
1840 2063 2
1840 2063 4
1840 2063 2
1840 2063 5
1840 2063 4
1840 2063 2
1840 2063 5
1840 2063 5
1840 2063 5
1840 2063 2
1840 2063 2
1840 2063 4
1840 2063 5
1840 2063 3
1840 2063 3
1840 2063 3
1840 2063 2
1840 2063 3
1840 2063 1
1840 2063 1
1840 2063 1
1840 2063 1
1840 2063 2
1840 2063 2
1840 1863 1
1840 1863 4
1840 1863 3
1840 1863 5
1840 1863 4
1840 1863 1
1840 1986 3
1840 1986 5
1840 1986 5
1840 1986 5
1840 1986 4
1840 1986 3
1840 1986 4
1840 1986 5
1840 1986 5
1840 1986 4
1840 1986 5
1840 1986 3
1840 1986 5
1840 1986 5
1840 1928 5
1840 1928 5
1840 1928 4
1840 1920 5
1840 1920 5
1840 1920 5
1840 1920 4
1840 1920 3
1840 1920 5
1840 1920 2
1840 1920 5
1840 1920 4
1840 1920 5
1840 1920 1
1840 1920 1
1840 1920 1
1840 1920 1
1840 1920 5
1840 2176 5
1840 2176 5
1840 2176 5
1840 2176 5
1840 2176 3
1840 2176 5
1840 2176 4
1840 2176 4
1840 2176 4
1840 2176 5
1840 2176 5
1840 2176 3
1840 2176 1
1840 2176 5
1840 2176 2
1840 2176 1
1840 2176 2
1840 2176 2
1840 2176 3
1840 2176 1
1840 2176 1
1840 2176 2
1840 2176 4
1840 2176 5
1840 1851 1
1840 1851 4
1840 1851 1
1840 1851 3
1840 1851 3
1840 1910 5
1840 1910 5
1840 1910 5
1840 1910 1
1840 1910 5
1840 1910 5
1840 1741 5
1840 1741 5
1840 1741 5
1840 1741 1
1840 1918 5
1840 1918 5
1840 1918 5
1840 1918 5
1840 1918 1
1840 1918 5
1840 2022 4
1840 2022 5
1840 1888 5
1840 1888 4
1840 1888 5
1840 1888 5
1840 1888 3
1840 1888 2
1840 1888 3
1840 1888 3
1840 1888 3
1840 1888 3
1840 1888 3
1840 1888 4
1840 1888 5
1840 1888 5
1840 1888 1
1840 1888 1
1840 1888 1
1840 1888 3
1840 1888 1
1840 1888 4
1840 1888 1
1840 1888 3
1840 1888 5
1840 1888 5
1840 1888 1
1840 1888 4
1840 1888 1
1840 1888 1
1840 1888 3
1840 1888 1
1840 1888 4
1840 1888 1
1840 1888 2
1840 1888 4
1840 1888 1
1840 1888 1
1840 1888 4
1840 1888 4
1840 1888 4
1840 1888 3
1840 1888 4
1840 1888 4
1840 1888 1
1840 1888 1
1840 1888 5
1840 1888 5
1840 1888 4
1840 1888 3
1840 1888 2
1840 1888 3
1840 1888 4
1840 1888 4
1840 1888 3
1840 1888 1
1840 1888 5
1840 1888 4
1840 1888 2
1840 1888 1
1840 1888 2
1840 1888 2
1840 1888 1
1840 2009 4
1840 2009 1
1840 2009 1
1840 2009 2
1840 2009 1
1840 2009 3
1840 2009 3
1840 2009 3
1840 2009 5
1840 2009 5
1840 2009 4
1840 2009 3
1840 2009 4
1840 1941 5
1840 1941 5
1840 1941 1
1840 1941 5
1840 1941 4
1840 1941 5
1840 1941 5
1840 1941 3
1840 1941 4
1840 1941 4
1840 1941 3
1840 1941 4
1840 1941 5
1840 1941 5
1840 1941 4
1840 1941 5
1840 1941 4
1840 1941 4
1840 1941 4
1840 1941 5
1840 1941 4
1840 1941 4
1840 1941 5
1840 1941 4
1840 1941 5
1840 1941 5
1840 1941 5
1840 1941 5
1840 1941 1
1840 1941 4
1840 1941 5
1840 1941 1
1840 1941 5
1840 1941 5
1840 1941 2
1840 1941 4
1840 1941 4
1840 1941 3
1840 1941 5
1840 1941 2
1840 1941 1
1840 1941 2
1840 1941 4
1840 1941 2
1840 1941 1
1840 1941 5
1840 1941 5
1840 1941 4
1840 1941 2
1840 1941 5
1840 1941 2
1840 1941 5
1840 1941 5
1840 1941 4
1840 1941 3
1840 1941 4
1840 1941 4
1840 1941 4
1840 1941 2
1840 1941 2
1840 1941 1
1840 1941 1
1840 1941 1
1840 1941 2
1840 1941 5
1840 1941 5
1840 1941 1
1840 1941 4
1840 1941 4
1840 1941 5
1840 1941 4
1840 1941 1
1840 1941 5
1840 1941 5
1840 1941 2
1840 1941 4
1840 1941 1
1840 1941 4
1840 1941 1
1840 1941 4
1840 1941 4
1840 1979 4
1840 1979 4
1840 1979 3
1840 1979 5
1840 1979 3
1840 1979 4
1840 1979 4
1840 1979 4
1840 1979 5
1840 1979 4
1840 1979 3
1840 1979 4
1840 1979 4
1840 1979 5
1840 1979 5
1840 1979 2
1840 1979 2
1840 1979 4
1840 1979 4
1840 1979 2
1840 1856 1
1840 1856 1
1840 1856 1
1840 1857 5
1840 1857 2
1840 1857 3
1840 1857 3
1840 1857 4
1840 1857 4
1840 1857 5
1840 1857 3
1840 1857 2
1840 1857 3
1840 1857 5
1840 1857 2
1840 1857 4
1840 1857 4
1840 1857 5
1840 1857 4
1840 1857 5
1840 1850 4
1840 1850 5
1840 1850 5
1840 1850 5
1840 1850 5
1840 1850 5
1840 1905 3
1840 1905 4
1840 1897 5
1840 1897 5
1840 1897 5
1840 1897 5
1840 1897 5
1840 1897 3
1840 1897 5
1840 1897 5
1840 1897 3
1840 1897 5
1840 1897 4
1840 1897 4
1840 1897 5
1840 1897 5
1840 1897 3
1840 1897 4
1840 1897 2
1840 1897 4
1840 1897 5
1840 1897 4
1840 1897 5
1840 1899 4
1840 1899 5
1840 1899 1
1840 1899 3
1840 1899 5
1840 1899 5
1840 1918 4
1840 1918 1
1840 1918 5
1840 1972 2
1840 1972 3
1840 1972 3
1840 1972 1
1840 1972 1
1840 1972 2
1840 1943 4
1840 1943 4
1840 1943 2
1840 1943 3
1840 1943 3
1840 1943 4
1840 1943 4
1840 1943 4
1840 1943 5
1840 1943 4
1840 1943 4
1840 1943 4
1840 1943 4
1840 1943 5
1840 1943 5
1840 1943 4
1840 1943 4
1840 1943 4
1840 1943 2
1840 1943 2
1840 1943 2
1840 1959 5
1840 1959 5
1840 1959 1
1840 1959 5
